0.000000000000e+000	-1.500000000000e+000
1.000000000000e-014	-1.470000000000e+000
2.000000000000e-014	-1.440000000000e+000
4.000000000000e-014	-1.380000000000e+000
8.000000000000e-014	-1.260000000000e+000
1.600000000000e-013	-1.020000000000e+000
3.200000000000e-013	-5.400000000000e-001
6.400000000000e-013	4.200000000000e-001
1.000000000000e-012	1.500000000000e+000
1.064000000000e-012	1.500000000000e+000
1.192000000000e-012	1.500000000000e+000
1.448000000000e-012	1.500000000000e+000
1.960000000000e-012	1.500000000000e+000
2.984000000000e-012	1.500000000000e+000
5.032000000000e-012	1.500000000000e+000
9.128000000000e-012	1.500000000000e+000
1.732000000000e-011	1.500000000000e+000
3.370400000000e-011	1.500000000000e+000
6.647200000000e-011	1.500000000000e+000
1.320080000000e-010	1.500000000000e+000
2.630800000000e-010	1.500000000000e+000
5.252240000000e-010	1.500000000000e+000
8.753904176570e-010	1.500000000000e+000
1.276261848242e-009	1.500000000000e+000
1.948741207989e-009	1.500000000000e+000
3.293699927481e-009	1.500000000000e+000
5.254764094044e-009	1.500000000000e+000
7.831324261060e-009	1.500000000000e+000
1.194740651392e-008	1.500000000000e+000
1.828166844761e-008	1.500000000000e+000
2.541270906360e-008	1.500000000000e+000
3.271406936408e-008	1.500000000000e+000
4.586514400067e-008	1.500000000000e+000
5.930621167682e-008	1.500000000000e+000
8.618834702913e-008	1.500000000000e+000
1.111719098991e-007	1.500000000000e+000
1.283109455383e-007	1.500000000000e+000
2.036630077250e-007	1.500000000000e+000
2.896033657388e-007	1.500000000000e+000
3.576043657388e-007	1.499999999917e+000
3.576044657388e-007	1.199999999782e+000
3.576046657388e-007	5.999999998288e-001
3.576050657388e-007	-6.000000000773e-001
3.576053657388e-007	-1.499999999848e+000
3.576054457388e-007	-1.500000000000e+000
3.576056057388e-007	-1.500000000000e+000
3.576059257388e-007	-1.500000000000e+000
3.576065657388e-007	-1.500000000000e+000
3.576078457388e-007	-1.500000000000e+000
3.576104057388e-007	-1.500000000000e+000
3.576155257388e-007	-1.500000000000e+000
3.576257657388e-007	-1.500000000000e+000
3.576462457388e-007	-1.500000000000e+000
3.576872057388e-007	-1.500000000000e+000
3.577691257388e-007	-1.500000000000e+000
3.579329657388e-007	-1.500000000000e+000
3.582606457388e-007	-1.500000000000e+000
3.589160057387e-007	-1.500000000000e+000
3.599072989651e-007	-1.500000000000e+000
3.612753965942e-007	-1.500000000000e+000
3.634600393138e-007	-1.500000000000e+000
3.654550838770e-007	-1.500000000000e+000
3.669267460912e-007	-1.500000000000e+000
3.683907212097e-007	-1.500000000000e+000
3.697159901568e-007	-1.500000000000e+000
3.713592428761e-007	-1.500000000000e+000
3.732209413440e-007	-1.500000000000e+000
3.769443382796e-007	-1.500000000000e+000
3.820970602647e-007	-1.500000000000e+000
3.924025042349e-007	-1.500000000000e+000
4.113017910644e-007	-1.500000000000e+000
4.228618959069e-007	-1.500000000000e+000
4.900874274668e-007	-1.500000000000e+000
5.476044268994e-007	-1.500000000000e+000
6.836044268994e-007	-1.500000000000e+000
6.836045268994e-007	-1.200000000182e+000
6.836047268994e-007	-5.999999999116e-001
6.836051268994e-007	5.999999999944e-001
6.836054268994e-007	1.500000000000e+000
6.836055068994e-007	1.500000000000e+000
6.836056668994e-007	1.500000000000e+000
6.836059868994e-007	1.500000000000e+000
6.836066268994e-007	1.500000000000e+000
6.836079068994e-007	1.500000000000e+000
6.836104668994e-007	1.500000000000e+000
6.836155868994e-007	1.500000000000e+000
6.836258268994e-007	1.500000000000e+000
6.836463068994e-007	1.500000000000e+000
6.836872668994e-007	1.500000000000e+000
6.837691868994e-007	1.500000000000e+000
6.839330268994e-007	1.500000000000e+000
6.842607068994e-007	1.500000000000e+000
6.845999325971e-007	1.500000000000e+000
6.850756640625e-007	1.500000000000e+000
6.859301201723e-007	1.500000000000e+000
6.876390323919e-007	1.500000000000e+000
6.898749577772e-007	1.500000000000e+000
6.909558508979e-007	1.500000000000e+000
6.962546058853e-007	1.500000000000e+000
7.020299699125e-007	1.500000000000e+000
7.098589482513e-007	1.500000000000e+000
7.182533586342e-007	1.500000000000e+000
7.331165752779e-007	1.500000000000e+000
7.485130555720e-007	1.500000000000e+000
7.793060161604e-007	1.500000000000e+000
8.081900432742e-007	1.500000000000e+000
8.402731829988e-007	1.500000000000e+000
9.432103952340e-007	1.500000000000e+000
1.100672199398e-006	1.500000000000e+000
1.147211395234e-006	1.500000000000e+000
1.147211495234e-006	1.200000000417e+000
1.147211695234e-006	6.000000001464e-001
1.147212095234e-006	-5.999999997597e-001
1.147212395234e-006	-1.499999999848e+000
1.147212475234e-006	-1.500000000000e+000
1.147212635234e-006	-1.500000000000e+000
1.147212955234e-006	-1.500000000000e+000
1.147213595234e-006	-1.500000000000e+000
1.147214875234e-006	-1.500000000000e+000
1.147217435234e-006	-1.500000000000e+000
1.147222555234e-006	-1.500000000000e+000
1.147232795234e-006	-1.500000000000e+000
1.147253275234e-006	-1.500000000000e+000
1.147294235234e-006	-1.500000000000e+000
1.147376155234e-006	-1.500000000000e+000
1.147539995234e-006	-1.500000000000e+000
1.147867675234e-006	-1.500000000000e+000
1.148523035234e-006	-1.500000000000e+000
1.149515928116e-006	-1.500000000000e+000
1.150885481105e-006	-1.500000000000e+000
1.153073377212e-006	-1.500000000000e+000
1.155067345864e-006	-1.500000000000e+000
1.156535713324e-006	-1.500000000000e+000
1.157996290779e-006	-1.500000000000e+000
1.159317170033e-006	-1.500000000000e+000
1.160962647109e-006	-1.500000000000e+000
1.162822634977e-006	-1.500000000000e+000
1.166542610711e-006	-1.500000000000e+000
1.171705909021e-006	-1.500000000000e+000
1.182032505639e-006	-1.500000000000e+000
1.201021299466e-006	-1.500000000000e+000
1.235081115741e-006	-1.500000000000e+000
1.302804210336e-006	-1.500000000000e+000
1.354252794602e-006	-1.500000000000e+000
1.482252794602e-006	-1.500000000000e+000
1.482252894602e-006	-1.200000000182e+000
1.482253094602e-006	-6.000000005469e-001
1.482253494602e-006	5.999999987239e-001
1.482253794602e-006	1.499999999448e+000
1.482253874602e-006	1.500000000000e+000
1.482254034602e-006	1.500000000000e+000
1.482254354602e-006	1.500000000000e+000
1.482254994602e-006	1.500000000000e+000
1.482256274602e-006	1.500000000000e+000
1.482258834602e-006	1.500000000000e+000
1.482263954602e-006	1.500000000000e+000
1.482274194602e-006	1.500000000000e+000
1.482294674602e-006	1.500000000000e+000
1.482335634602e-006	1.500000000000e+000
1.482417554602e-006	1.500000000000e+000
1.482581394602e-006	1.500000000000e+000
1.482909074602e-006	1.500000000000e+000
1.483248282350e-006	1.500000000000e+000
1.483723988940e-006	1.500000000000e+000
1.484578399420e-006	1.500000000000e+000
1.486287220380e-006	1.500000000000e+000
1.488523015477e-006	1.500000000000e+000
1.491333215864e-006	1.500000000000e+000
1.496631812315e-006	1.500000000000e+000
1.500786216532e-006	1.500000000000e+000
1.508614327461e-006	1.500000000000e+000
1.517008203334e-006	1.500000000000e+000
1.531870228910e-006	1.500000000000e+000
1.547265505773e-006	1.500000000000e+000
1.578056059499e-006	1.500000000000e+000
1.606936568622e-006	1.500000000000e+000
1.631002343176e-006	1.500000000000e+000
1.733914311713e-006	1.500000000000e+000
1.883292522887e-006	1.500000000000e+000
1.929915311713e-006	1.499999999600e+000
1.929915411713e-006	1.199999999782e+000
1.929915611713e-006	6.000000001464e-001
1.929916011713e-006	-5.999999991244e-001
1.929916311713e-006	-1.499999999848e+000
1.929916391713e-006	-1.500000000000e+000
1.929916551713e-006	-1.500000000000e+000
1.929916871713e-006	-1.500000000000e+000
1.929917511713e-006	-1.500000000000e+000
1.929918791713e-006	-1.500000000000e+000
1.929921351713e-006	-1.500000000000e+000
1.929926471713e-006	-1.500000000000e+000
1.929936711713e-006	-1.500000000000e+000
1.929957191713e-006	-1.500000000000e+000
1.929998151713e-006	-1.500000000000e+000
1.930080071713e-006	-1.500000000000e+000
1.930243911713e-006	-1.500000000000e+000
1.930571591713e-006	-1.500000000000e+000
1.931226951712e-006	-1.500000000000e+000
1.932219841447e-006	-1.500000000000e+000
1.933589391572e-006	-1.500000000000e+000
1.935777281015e-006	-1.500000000000e+000
1.937771251616e-006	-1.500000000000e+000
1.939239625349e-006	-1.500000000000e+000
1.940700209284e-006	-1.500000000000e+000
1.942021097198e-006	-1.500000000000e+000
1.943666569953e-006	-1.500000000000e+000
1.945526560756e-006	-1.500000000000e+000
1.949246542363e-006	-1.500000000000e+000
1.954409817988e-006	-1.500000000000e+000
1.964736369238e-006	-1.500000000000e+000
1.983724975921e-006	-1.500000000000e+000
2.017784381469e-006	-1.500000000000e+000
2.085506446545e-006	-1.500000000000e+000
2.128951033659e-006	-1.500000000000e+000
2.248951033659e-006	-1.500000000000e+000
2.248951133659e-006	-1.200000000182e+000
2.248951333659e-006	-6.000000005469e-001
2.248951733659e-006	5.999999987239e-001
2.248952033659e-006	1.499999999448e+000
2.248952113659e-006	1.500000000000e+000
2.248952273659e-006	1.500000000000e+000
2.248952593659e-006	1.500000000000e+000
2.248953233659e-006	1.500000000000e+000
2.248954513659e-006	1.500000000000e+000
2.248957073659e-006	1.500000000000e+000
2.248962193659e-006	1.500000000000e+000
2.248972433659e-006	1.500000000000e+000
2.248992913659e-006	1.500000000000e+000
2.249033873659e-006	1.500000000000e+000
2.249115793659e-006	1.500000000000e+000
2.249279633659e-006	1.500000000000e+000
2.249607313659e-006	1.500000000000e+000
2.249946521443e-006	1.500000000000e+000
2.250422228084e-006	1.500000000000e+000
2.251276638656e-006	1.500000000000e+000
2.252985459800e-006	1.500000000000e+000
2.255221255158e-006	1.500000000000e+000
2.258031455871e-006	1.500000000000e+000
2.263330052642e-006	1.500000000000e+000
2.269105439101e-006	1.500000000000e+000
2.273087957219e-006	1.500000000000e+000
2.281481834169e-006	1.500000000000e+000
2.296343862143e-006	1.500000000000e+000
2.311739141429e-006	1.500000000000e+000
2.342529700000e-006	1.500000000000e+000
2.371410216205e-006	1.500000000000e+000
2.387476025720e-006	1.500000000000e+000
2.490388045065e-006	1.500000000000e+000
2.631766424486e-006	1.500000000000e+000
2.675767424486e-006	1.499999999600e+000
2.675767524486e-006	1.199999999782e+000
2.675767724486e-006	6.000000001464e-001
2.675768124486e-006	-5.999999991244e-001
2.675768424486e-006	-1.499999999848e+000
2.675768504486e-006	-1.500000000000e+000
2.675768664486e-006	-1.500000000000e+000
2.675768984486e-006	-1.500000000000e+000
2.675769624486e-006	-1.500000000000e+000
2.675770904486e-006	-1.500000000000e+000
2.675773464486e-006	-1.500000000000e+000
2.675778584486e-006	-1.500000000000e+000
2.675788824486e-006	-1.500000000000e+000
2.675809304486e-006	-1.500000000000e+000
2.675850264486e-006	-1.500000000000e+000
2.675932184486e-006	-1.500000000000e+000
2.676096024485e-006	-1.500000000000e+000
2.676423704485e-006	-1.500000000000e+000
2.677079064485e-006	-1.500000000000e+000
2.678071954226e-006	-1.500000000000e+000
2.679441504357e-006	-1.500000000000e+000
2.681629393813e-006	-1.500000000000e+000
2.683623364411e-006	-1.500000000000e+000
2.685091738131e-006	-1.500000000000e+000
2.686552322053e-006	-1.500000000000e+000
2.687873209950e-006	-1.500000000000e+000
2.689518682713e-006	-1.500000000000e+000
2.691378673511e-006	-1.500000000000e+000
2.695098655105e-006	-1.500000000000e+000
2.700261930776e-006	-1.500000000000e+000
2.710588482117e-006	-1.500000000000e+000
2.729577089175e-006	-1.500000000000e+000
2.763636495549e-006	-1.500000000000e+000
2.819228633754e-006	-1.500000000000e+000
2.854673228894e-006	-1.500000000000e+000
2.966673228894e-006	-1.500000000000e+000
2.966673328894e-006	-1.200000000182e+000
2.966673528894e-006	-6.000000005469e-001
2.966673928894e-006	5.999999987239e-001
2.966674228894e-006	1.500000000000e+000
2.966674308894e-006	1.500000000000e+000
2.966674468894e-006	1.500000000000e+000
2.966674788894e-006	1.500000000000e+000
2.966675428894e-006	1.500000000000e+000
2.966676708894e-006	1.500000000000e+000
2.966679268894e-006	1.500000000000e+000
2.966684388894e-006	1.500000000000e+000
2.966694628894e-006	1.500000000000e+000
2.966715108894e-006	1.500000000000e+000
2.966756068894e-006	1.500000000000e+000
2.966837988894e-006	1.500000000000e+000
2.967001828894e-006	1.500000000000e+000
2.967329508894e-006	1.500000000000e+000
2.967668716678e-006	1.500000000000e+000
2.968144423319e-006	1.500000000000e+000
2.968998833891e-006	1.500000000000e+000
2.970707655035e-006	1.500000000000e+000
2.972943450395e-006	1.500000000000e+000
2.975753651108e-006	1.500000000000e+000
2.981052247879e-006	1.500000000000e+000
2.986827634339e-006	1.500000000000e+000
2.994655747018e-006	1.500000000000e+000
2.999032142095e-006	1.500000000000e+000
3.013894170074e-006	1.500000000000e+000
3.029289449366e-006	1.500000000000e+000
3.060080007948e-006	1.500000000000e+000
3.088960524169e-006	1.500000000000e+000
3.097026333763e-006	1.500000000000e+000
3.199938353223e-006	1.500000000000e+000
3.333316733022e-006	1.500000000000e+000
3.369317733022e-006	1.500000000000e+000
3.369317833022e-006	1.200000001052e+000
3.369318033022e-006	6.000000014170e-001
3.369318433022e-006	-5.999999978538e-001
3.369318733022e-006	-1.499999999848e+000
3.369318813022e-006	-1.500000000000e+000
3.369318973022e-006	-1.500000000000e+000
3.369319293022e-006	-1.500000000000e+000
3.369319933022e-006	-1.500000000000e+000
3.369321213022e-006	-1.500000000000e+000
3.369323773022e-006	-1.500000000000e+000
3.369328893022e-006	-1.500000000000e+000
3.369339133022e-006	-1.500000000000e+000
3.369359613022e-006	-1.500000000000e+000
3.369400573022e-006	-1.500000000000e+000
3.369482493022e-006	-1.500000000000e+000
3.369646333022e-006	-1.500000000000e+000
3.369974013022e-006	-1.500000000000e+000
3.370629373023e-006	-1.500000000000e+000
3.371622262763e-006	-1.500000000000e+000
3.372991812895e-006	-1.500000000000e+000
3.375179702352e-006	-1.500000000000e+000
3.377173672949e-006	-1.500000000000e+000
3.378642046669e-006	-1.500000000000e+000
3.380102630591e-006	-1.500000000000e+000
3.381423518487e-006	-1.500000000000e+000
3.383068991251e-006	-1.500000000000e+000
3.384928982049e-006	-1.500000000000e+000
3.388648963645e-006	-1.500000000000e+000
3.393812239321e-006	-1.500000000000e+000
3.404138790673e-006	-1.500000000000e+000
3.423127397769e-006	-1.500000000000e+000
3.457186804217e-006	-1.500000000000e+000
3.504778942739e-006	-1.500000000000e+000
3.532223538591e-006	-1.500000000000e+000
3.636223538591e-006	-1.500000000000e+000