0.000000000000e+000	-2.300000000000e+000
1.000000000000e-014	-2.254000000000e+000
2.000000000000e-014	-2.208000000000e+000
4.000000000000e-014	-2.116000000000e+000
8.000000000000e-014	-1.932000000000e+000
1.600000000000e-013	-1.564000000000e+000
3.200000000000e-013	-8.280000000000e-001
6.400000000000e-013	6.440000000000e-001
1.000000000000e-012	2.300000000000e+000
1.064000000000e-012	2.300000000000e+000
1.192000000000e-012	2.300000000000e+000
1.448000000000e-012	2.300000000000e+000
1.960000000000e-012	2.300000000000e+000
2.984000000000e-012	2.300000000000e+000
5.032000000000e-012	2.300000000000e+000
9.128000000000e-012	2.300000000000e+000
1.732000000000e-011	2.300000000000e+000
3.370400000000e-011	2.300000000000e+000
6.647200000000e-011	2.300000000000e+000
1.320080000000e-010	2.300000000000e+000
2.630800000000e-010	2.300000000000e+000
5.252240000000e-010	2.300000000000e+000
8.139660554148e-010	2.300000000000e+000
1.133267490323e-009	2.300000000000e+000
1.440111940973e-009	2.300000000000e+000
1.850504237203e-009	2.300000000000e+000
2.548780217328e-009	2.300000000000e+000
3.804807846470e-009	2.300000000000e+000
6.268627865435e-009	2.300000000000e+000
8.795435533877e-009	2.300000000000e+000
1.322398604844e-008	2.300000000000e+000
1.773270352350e-008	2.300000000000e+000
2.675013847360e-008	2.300000000000e+000
4.478500837380e-008	2.300000000000e+000
5.623250667487e-008	2.300000000000e+000
6.495061282316e-008	2.300000000000e+000
7.351593800191e-008	2.300000000000e+000
9.064658835942e-008	2.300000000000e+000
1.249078890744e-007	2.300000000000e+000
1.743383795789e-007	2.300000000000e+000
2.168140729435e-007	2.300000000000e+000
2.848150729435e-007	2.299999999873e+000
2.848151729435e-007	1.839999999665e+000
2.848153729435e-007	9.199999997375e-001
2.848157729435e-007	-9.200000001185e-001
2.848160729435e-007	-2.299999999767e+000
2.848161529435e-007	-2.300000000000e+000
2.848163129435e-007	-2.300000000000e+000
2.848166329435e-007	-2.300000000000e+000
2.848172729435e-007	-2.300000000000e+000
2.848185529435e-007	-2.300000000000e+000
2.848211129435e-007	-2.300000000000e+000
2.848262329435e-007	-2.300000000000e+000
2.848364729435e-007	-2.300000000000e+000
2.848569529435e-007	-2.300000000000e+000
2.848979129435e-007	-2.300000000000e+000
2.849798329435e-007	-2.300000000000e+000
2.851436729434e-007	-2.300000000000e+000
2.854713529434e-007	-2.300000000000e+000
2.861267129434e-007	-2.300000000000e+000
2.868906745583e-007	-2.300000000000e+000
2.880499673968e-007	-2.300000000000e+000
2.897271111913e-007	-2.300000000000e+000
2.930813987802e-007	-2.300000000000e+000
2.997899739581e-007	-2.300000000000e+000
3.132071243137e-007	-2.300000000000e+000
3.400414250251e-007	-2.300000000000e+000
3.729373785295e-007	-2.300000000000e+000
4.802745813750e-007	-2.300000000000e+000
5.577929012723e-007	-2.300000000000e+000
6.206772129384e-007	-2.300000000000e+000
6.575447042664e-007	-2.300000000000e+000
7.031524087463e-007	-2.300000000000e+000
7.566772129384e-007	-2.300000000000e+000
7.566773129384e-007	-1.840000000280e+000
7.566775129384e-007	-9.199999998645e-001
7.566779129384e-007	9.199999999915e-001
7.566782129384e-007	2.300000000000e+000
7.566782929384e-007	2.300000000000e+000
7.566784529384e-007	2.300000000000e+000
7.566787729384e-007	2.300000000000e+000
7.566794129384e-007	2.300000000000e+000
7.566806929384e-007	2.300000000000e+000
7.566832529384e-007	2.300000000000e+000
7.566883729384e-007	2.300000000000e+000
7.566986129384e-007	2.300000000000e+000
7.567190929384e-007	2.300000000000e+000
7.567600529384e-007	2.300000000000e+000
7.568419729384e-007	2.300000000000e+000
7.570058129384e-007	2.300000000000e+000
7.572902231110e-007	2.300000000000e+000
7.575920284674e-007	2.300000000000e+000
7.579274608679e-007	2.300000000000e+000
7.582570018731e-007	2.300000000000e+000
7.587213194120e-007	2.300000000000e+000
7.595466012630e-007	2.300000000000e+000
7.610555205859e-007	2.300000000000e+000
7.637494998894e-007	2.300000000000e+000
7.655059712500e-007	2.300000000000e+000
7.708743400691e-007	2.300000000000e+000
7.758539579381e-007	2.300000000000e+000
7.858131936761e-007	2.300000000000e+000
8.019319964597e-007	2.300000000000e+000
8.122937309766e-007	2.300000000000e+000
8.192186752193e-007	2.300000000000e+000
8.259915435969e-007	2.300000000000e+000
8.395372803521e-007	2.300000000000e+000
8.666287538625e-007	2.300000000000e+000
8.796909548562e-007	2.300000000000e+000
9.880568488977e-007	2.300000000000e+000
1.182216732016e-006	2.300000000000e+000
1.192057848898e-006	2.300000000000e+000
1.192057948898e-006	1.840000000640e+000
1.192058148898e-006	9.200000002245e-001
1.192058548898e-006	-9.199999996315e-001
1.192058848898e-006	-2.299999999767e+000
1.192058928898e-006	-2.300000000000e+000
1.192059088898e-006	-2.300000000000e+000
1.192059408898e-006	-2.300000000000e+000
1.192060048898e-006	-2.300000000000e+000
1.192061328898e-006	-2.300000000000e+000
1.192063888898e-006	-2.300000000000e+000
1.192069008898e-006	-2.300000000000e+000
1.192079248898e-006	-2.300000000000e+000
1.192099728898e-006	-2.300000000000e+000
1.192140688898e-006	-2.300000000000e+000
1.192222608898e-006	-2.300000000000e+000
1.192386448898e-006	-2.300000000000e+000
1.192714128898e-006	-2.300000000000e+000
1.193369488898e-006	-2.300000000000e+000
1.194131196804e-006	-2.300000000000e+000
1.195288251542e-006	-2.300000000000e+000
1.196959372300e-006	-2.300000000000e+000
1.200301613817e-006	-2.300000000000e+000
1.206986096850e-006	-2.300000000000e+000
1.220355062917e-006	-2.300000000000e+000
1.247092995050e-006	-2.300000000000e+000
1.300568859317e-006	-2.300000000000e+000
1.407520587851e-006	-2.300000000000e+000
1.476261520321e-006	-2.300000000000e+000
1.539011778433e-006	-2.300000000000e+000
1.566941693328e-006	-2.300000000000e+000
1.612518566345e-006	-2.300000000000e+000
1.667011778433e-006	-2.300000000000e+000
1.667011878433e-006	-1.840000000280e+000
1.667012078433e-006	-9.200000008386e-001
1.667012478433e-006	9.199999980433e-001
1.667012778433e-006	2.299999999153e+000
1.667012858433e-006	2.300000000000e+000
1.667013018433e-006	2.300000000000e+000
1.667013338433e-006	2.300000000000e+000
1.667013978433e-006	2.300000000000e+000
1.667015258433e-006	2.300000000000e+000
1.667017818433e-006	2.300000000000e+000
1.667022938433e-006	2.300000000000e+000
1.667033178433e-006	2.300000000000e+000
1.667053658433e-006	2.300000000000e+000
1.667094618433e-006	2.300000000000e+000
1.667176538433e-006	2.300000000000e+000
1.667340378433e-006	2.300000000000e+000
1.667624683563e-006	2.300000000000e+000
1.667926425446e-006	2.300000000000e+000
1.668261631038e-006	2.300000000000e+000
1.668590757003e-006	2.300000000000e+000
1.669054944385e-006	2.300000000000e+000
1.669880354564e-006	2.300000000000e+000
1.671388611071e-006	2.300000000000e+000
1.674083946892e-006	2.300000000000e+000
1.676769416091e-006	2.300000000000e+000
1.682135014809e-006	2.300000000000e+000
1.686241618803e-006	2.300000000000e+000
1.696208354039e-006	2.300000000000e+000
1.712317225411e-006	2.300000000000e+000
1.722674539627e-006	2.300000000000e+000
1.729592505756e-006	2.300000000000e+000
1.736365980483e-006	2.300000000000e+000
1.749912929938e-006	2.300000000000e+000
1.777006828846e-006	2.300000000000e+000
1.782066440701e-006	2.300000000000e+000
1.890442036336e-006	2.300000000000e+000
2.076628435096e-006	2.300000000000e+000
2.086443036336e-006	2.299999999386e+000
2.086443136336e-006	1.839999999665e+000
2.086443336336e-006	9.200000002245e-001
2.086443736336e-006	-9.199999986574e-001
2.086444036336e-006	-2.299999999767e+000
2.086444116336e-006	-2.300000000000e+000
2.086444276336e-006	-2.300000000000e+000
2.086444596336e-006	-2.300000000000e+000
2.086445236336e-006	-2.300000000000e+000
2.086446516336e-006	-2.300000000000e+000
2.086449076336e-006	-2.300000000000e+000
2.086454196336e-006	-2.300000000000e+000
2.086464436336e-006	-2.300000000000e+000
2.086484916336e-006	-2.300000000000e+000
2.086525876336e-006	-2.300000000000e+000
2.086607796336e-006	-2.300000000000e+000
2.086771636336e-006	-2.300000000000e+000
2.087099316336e-006	-2.300000000000e+000
2.087754676336e-006	-2.300000000000e+000
2.088516385520e-006	-2.300000000000e+000
2.089673441521e-006	-2.300000000000e+000
2.091344565687e-006	-2.300000000000e+000
2.094686814020e-006	-2.300000000000e+000
2.101371310684e-006	-2.300000000000e+000
2.114740304013e-006	-2.300000000000e+000
2.141478290672e-006	-2.300000000000e+000
2.194954263989e-006	-2.300000000000e+000
2.301906210624e-006	-2.300000000000e+000
2.362648461845e-006	-2.300000000000e+000
2.425399133461e-006	-2.300000000000e+000
2.445330953658e-006	-2.300000000000e+000
2.490908122689e-006	-2.300000000000e+000
2.545399133461e-006	-2.300000000000e+000
2.545399233461e-006	-1.840000000280e+000
2.545399433461e-006	-9.200000008386e-001
2.545399833461e-006	9.199999980433e-001
2.545400133461e-006	2.299999999153e+000
2.545400213461e-006	2.300000000000e+000
2.545400373461e-006	2.300000000000e+000
2.545400693461e-006	2.300000000000e+000
2.545401333461e-006	2.300000000000e+000
2.545402613461e-006	2.300000000000e+000
2.545405173461e-006	2.300000000000e+000
2.545410293461e-006	2.300000000000e+000
2.545420533461e-006	2.300000000000e+000
2.545441013461e-006	2.300000000000e+000
2.545481973461e-006	2.300000000000e+000
2.545563893461e-006	2.300000000000e+000
2.545727733461e-006	2.300000000000e+000
2.546012038087e-006	2.300000000000e+000
2.546313779666e-006	2.300000000000e+000
2.546648984154e-006	2.300000000000e+000
2.546978108084e-006	2.300000000000e+000
2.547442294849e-006	2.300000000000e+000
2.548267705705e-006	2.300000000000e+000
2.549775959069e-006	2.300000000000e+000
2.552471301736e-006	2.300000000000e+000
2.555156777419e-006	2.300000000000e+000
2.560522343623e-006	2.300000000000e+000
2.565505731537e-006	2.300000000000e+000
2.571579105442e-006	2.300000000000e+000
2.587687941837e-006	2.300000000000e+000
2.598045241430e-006	2.300000000000e+000
2.604963180093e-006	2.300000000000e+000
2.611736659326e-006	2.300000000000e+000
2.625283617794e-006	2.300000000000e+000
2.652377534728e-006	2.300000000000e+000
2.706565368598e-006	2.300000000000e+000
2.812000673397e-006	2.300000000000e+000
2.990187313674e-006	2.300000000000e+000
3.000001673397e-006	2.299999999386e+000
3.000001773397e-006	1.839999999665e+000
3.000001973397e-006	9.200000002245e-001
3.000002373397e-006	-9.199999986574e-001
3.000002673397e-006	-2.299999999767e+000
3.000002753397e-006	-2.300000000000e+000
3.000002913397e-006	-2.300000000000e+000
3.000003233397e-006	-2.300000000000e+000
3.000003873397e-006	-2.300000000000e+000
3.000005153397e-006	-2.300000000000e+000
3.000007713397e-006	-2.300000000000e+000
3.000012833397e-006	-2.300000000000e+000
3.000023073397e-006	-2.300000000000e+000
3.000043553397e-006	-2.300000000000e+000
3.000084513397e-006	-2.300000000000e+000
3.000166433397e-006	-2.300000000000e+000
3.000330273397e-006	-2.300000000000e+000
3.000657953397e-006	-2.300000000000e+000
3.001313313397e-006	-2.300000000000e+000
3.002075022587e-006	-2.300000000000e+000
3.003232078594e-006	-2.300000000000e+000
3.004903202777e-006	-2.300000000000e+000
3.008245451142e-006	-2.300000000000e+000
3.014929947873e-006	-2.300000000000e+000
3.028298941335e-006	-2.300000000000e+000
3.055036928258e-006	-2.300000000000e+000
3.108512902104e-006	-2.300000000000e+000
3.215464849796e-006	-2.300000000000e+000
3.268207107345e-006	-2.300000000000e+000
3.330957780939e-006	-2.300000000000e+000
3.342889610267e-006	-2.300000000000e+000
3.388466780711e-006	-2.300000000000e+000
3.442957780939e-006	-2.300000000000e+000
3.442957880939e-006	-1.840000000280e+000
3.442958080939e-006	-9.200000008386e-001
3.442958480939e-006	9.199999980433e-001
3.442958780939e-006	2.300000000000e+000
3.442958860939e-006	2.300000000000e+000
3.442959020939e-006	2.300000000000e+000
3.442959340939e-006	2.300000000000e+000
3.442959980939e-006	2.300000000000e+000
3.442961260939e-006	2.300000000000e+000
3.442963820939e-006	2.300000000000e+000
3.442968940939e-006	2.300000000000e+000
3.442979180939e-006	2.300000000000e+000
3.442999660939e-006	2.300000000000e+000
3.443040620939e-006	2.300000000000e+000
3.443122540939e-006	2.300000000000e+000
3.443286380939e-006	2.300000000000e+000
3.443570685562e-006	2.300000000000e+000
3.443872427139e-006	2.300000000000e+000
3.444207631622e-006	2.300000000000e+000
3.444536755543e-006	2.300000000000e+000
3.445000942304e-006	2.300000000000e+000
3.445826353164e-006	2.300000000000e+000
3.447334606514e-006	2.300000000000e+000
3.450029949214e-006	2.300000000000e+000
3.452715424929e-006	2.300000000000e+000
3.458080990976e-006	2.300000000000e+000
3.463064378989e-006	2.300000000000e+000
3.473031155015e-006	2.300000000000e+000
3.487213365315e-006	2.300000000000e+000
3.497570664836e-006	2.300000000000e+000
3.504488603364e-006	2.300000000000e+000
3.511262082620e-006	2.300000000000e+000
3.524809041130e-006	2.300000000000e+000
3.551902958152e-006	2.300000000000e+000
3.606090792196e-006	2.300000000000e+000
3.703526097465e-006	2.300000000000e+000
3.873712738908e-006	2.300000000000e+000
3.883527097465e-006	2.300000000000e+000
3.883527197465e-006	1.840000001614e+000
3.883527397465e-006	9.200000021727e-001
3.883527797465e-006	-9.199999967092e-001
3.883528097465e-006	-2.299999999767e+000
3.883528177465e-006	-2.300000000000e+000
3.883528337465e-006	-2.300000000000e+000
3.883528657465e-006	-2.300000000000e+000
3.883529297465e-006	-2.300000000000e+000
3.883530577465e-006	-2.300000000000e+000
3.883533137465e-006	-2.300000000000e+000
3.883538257465e-006	-2.300000000000e+000
3.883548497465e-006	-2.300000000000e+000
3.883568977465e-006	-2.300000000000e+000
3.883609937465e-006	-2.300000000000e+000
3.883691857465e-006	-2.300000000000e+000
3.883855697465e-006	-2.300000000000e+000
3.884183377465e-006	-2.300000000000e+000
3.884838737465e-006	-2.300000000000e+000
3.885600446654e-006	-2.300000000000e+000
3.886757502662e-006	-2.300000000000e+000
3.888428626846e-006	-2.300000000000e+000
3.891770875213e-006	-2.300000000000e+000
3.898455371946e-006	-2.300000000000e+000
3.911824365413e-006	-2.300000000000e+000
3.938562352347e-006	-2.300000000000e+000
3.992038326214e-006	-2.300000000000e+000
4.098990273949e-006	-2.300000000000e+000
4.143732531568e-006	-2.300000000000e+000
4.206483205169e-006	-2.300000000000e+000
4.210415034576e-006	-2.300000000000e+000
4.255992205017e-006	-2.300000000000e+000
4.310483205169e-006	-2.300000000000e+000
4.310483305169e-006	-1.840000000280e+000
4.310483505169e-006	-9.200000008386e-001
4.310483905169e-006	9.199999980433e-001
4.310484205169e-006	2.300000000000e+000
4.310484285169e-006	2.300000000000e+000
4.310484445169e-006	2.300000000000e+000
4.310484765169e-006	2.300000000000e+000
4.310485405169e-006	2.300000000000e+000
4.310486685169e-006	2.300000000000e+000
4.310489245169e-006	2.300000000000e+000
4.310494365169e-006	2.300000000000e+000
4.310504605169e-006	2.300000000000e+000
4.310525085169e-006	2.300000000000e+000
4.310566045169e-006	2.300000000000e+000
4.310647965169e-006	2.300000000000e+000
4.310811805169e-006	2.300000000000e+000
4.311096109793e-006	2.300000000000e+000
4.311397851370e-006	2.300000000000e+000
4.311733055853e-006	2.300000000000e+000
4.312062179773e-006	2.300000000000e+000
4.312526366535e-006	2.300000000000e+000
4.313351777394e-006	2.300000000000e+000
4.314860030745e-006	2.300000000000e+000
4.317555373445e-006	2.300000000000e+000
4.320240849159e-006	2.300000000000e+000
4.325606415208e-006	2.300000000000e+000
4.330589803220e-006	2.300000000000e+000
4.340556579243e-006	2.300000000000e+000
4.346738789543e-006	2.300000000000e+000
4.357096089065e-006	2.300000000000e+000
4.364014027595e-006	2.300000000000e+000
4.370787506850e-006	2.300000000000e+000
4.384334465360e-006	2.300000000000e+000
4.411428382381e-006	2.300000000000e+000
4.465616216423e-006	2.300000000000e+000
4.555051521686e-006	2.300000000000e+000
4.717238163116e-006	2.300000000000e+000
4.727052521686e-006	2.300000000000e+000
4.727052621686e-006	1.840000001614e+000
4.727052821686e-006	9.200000021727e-001
4.727053221686e-006	-9.199999967092e-001
4.727053521686e-006	-2.299999999767e+000
4.727053601686e-006	-2.300000000000e+000
4.727053761686e-006	-2.300000000000e+000
4.727054081686e-006	-2.300000000000e+000
4.727054721686e-006	-2.300000000000e+000
4.727056001686e-006	-2.300000000000e+000
4.727058561686e-006	-2.300000000000e+000
4.727063681686e-006	-2.300000000000e+000
4.727073921686e-006	-2.300000000000e+000
4.727094401686e-006	-2.300000000000e+000
4.727135361686e-006	-2.300000000000e+000
4.727217281686e-006	-2.300000000000e+000
4.727381121686e-006	-2.300000000000e+000
4.727708801686e-006	-2.300000000000e+000
4.728364161686e-006	-2.300000000000e+000
4.729125870876e-006	-2.300000000000e+000
4.730282926884e-006	-2.300000000000e+000
4.731954051067e-006	-2.300000000000e+000
4.735296299434e-006	-2.300000000000e+000
4.741980796167e-006	-2.300000000000e+000
4.755349789634e-006	-2.300000000000e+000
4.782087776568e-006	-2.300000000000e+000
4.835563750435e-006	-2.300000000000e+000
4.942515698169e-006	-2.300000000000e+000
4.979257955788e-006	-2.300000000000e+000
5.042008629389e-006	-2.300000000000e+000
5.082447527575e-006	-2.300000000000e+000
5.123956527422e-006	-2.300000000000e+000
5.178447527575e-006	-2.300000000000e+000
5.178447627575e-006	-1.840000004176e+000
5.178447827575e-006	-9.200000047350e-001
5.178448227575e-006	9.199999980433e-001
5.178448527575e-006	2.300000000000e+000
5.178448607575e-006	2.300000000000e+000
5.178448767575e-006	2.300000000000e+000
5.178449087575e-006	2.300000000000e+000
5.178449727575e-006	2.300000000000e+000
5.178451007575e-006	2.300000000000e+000
5.178453567575e-006	2.300000000000e+000
5.178458687575e-006	2.300000000000e+000
5.178468927575e-006	2.300000000000e+000
5.178489407575e-006	2.300000000000e+000
5.178530367575e-006	2.300000000000e+000
5.178612287575e-006	2.300000000000e+000
5.178776127575e-006	2.300000000000e+000
5.179060432199e-006	2.300000000000e+000
5.179362173776e-006	2.300000000000e+000
5.179697378259e-006	2.300000000000e+000
5.180026502179e-006	2.300000000000e+000
5.180490688941e-006	2.300000000000e+000
5.181316099801e-006	2.300000000000e+000
5.182824353152e-006	2.300000000000e+000
5.185519695854e-006	2.300000000000e+000
5.188205171569e-006	2.300000000000e+000
5.193570737615e-006	2.300000000000e+000
5.198554125631e-006	2.300000000000e+000
5.208520901662e-006	2.300000000000e+000
5.224629737877e-006	2.300000000000e+000
5.233169247697e-006	2.300000000000e+000
5.240087186219e-006	2.300000000000e+000
5.246860665475e-006	2.300000000000e+000
5.260407623987e-006	2.300000000000e+000
5.287501541011e-006	2.300000000000e+000
5.341689375058e-006	2.300000000000e+000
5.423124680333e-006	2.300000000000e+000
5.577311321797e-006	2.300000000000e+000
5.587125680333e-006	2.300000000000e+000
5.587125780333e-006	1.840000001614e+000
5.587125980333e-006	9.200000021727e-001
5.587126380333e-006	-9.199999967092e-001
5.587126680333e-006	-2.299999999767e+000
5.587126760333e-006	-2.300000000000e+000
5.587126920333e-006	-2.300000000000e+000
5.587127240333e-006	-2.300000000000e+000
5.587127880333e-006	-2.300000000000e+000
5.587129160333e-006	-2.300000000000e+000
5.587131720333e-006	-2.300000000000e+000
5.587136840333e-006	-2.300000000000e+000
5.587147080333e-006	-2.300000000000e+000
5.587167560333e-006	-2.300000000000e+000
5.587208520333e-006	-2.300000000000e+000
5.587290440333e-006	-2.300000000000e+000
5.587454280333e-006	-2.300000000000e+000
5.587781960333e-006	-2.300000000000e+000
5.588437320333e-006	-2.300000000000e+000
5.589199029523e-006	-2.300000000000e+000
5.590356085531e-006	-2.300000000000e+000
5.592027209714e-006	-2.300000000000e+000
5.595369458081e-006	-2.300000000000e+000
5.602053954814e-006	-2.300000000000e+000
5.615422948281e-006	-2.300000000000e+000
5.642160935215e-006	-2.300000000000e+000
5.695636909082e-006	-2.300000000000e+000
5.802588856816e-006	-2.300000000000e+000
5.831331114434e-006	-2.300000000000e+000
5.894081788035e-006	-2.300000000000e+000
5.934520686221e-006	-2.300000000000e+000
5.968029686068e-006	-2.300000000000e+000
6.022520686221e-006	-2.300000000000e+000
6.022520786221e-006	-1.840000000280e+000
6.022520986221e-006	-9.200000008386e-001
6.022521386221e-006	9.199999980433e-001
6.022521686221e-006	2.300000000000e+000
6.022521766221e-006	2.300000000000e+000
6.022521926221e-006	2.300000000000e+000
6.022522246221e-006	2.300000000000e+000
6.022522886221e-006	2.300000000000e+000
6.022524166221e-006	2.300000000000e+000
6.022526726221e-006	2.300000000000e+000
6.022531846221e-006	2.300000000000e+000
6.022542086221e-006	2.300000000000e+000
6.022562566221e-006	2.300000000000e+000
6.022603526221e-006	2.300000000000e+000
6.022685446221e-006	2.300000000000e+000
6.022849286221e-006	2.300000000000e+000
6.023133590845e-006	2.300000000000e+000
6.023435332422e-006	2.300000000000e+000
6.023770536905e-006	2.300000000000e+000
6.024099660825e-006	2.300000000000e+000
6.024563847587e-006	2.300000000000e+000
6.025389258447e-006	2.300000000000e+000
6.026897511797e-006	2.300000000000e+000
6.029592854497e-006	2.300000000000e+000
6.032278330211e-006	2.300000000000e+000
6.037643896260e-006	2.300000000000e+000
6.042627284272e-006	2.300000000000e+000
6.052594060295e-006	2.300000000000e+000
6.068702896521e-006	2.300000000000e+000
6.069242406343e-006	2.300000000000e+000
6.076160344872e-006	2.300000000000e+000
6.082933824128e-006	2.300000000000e+000
6.096480782638e-006	2.300000000000e+000
6.123574699659e-006	2.300000000000e+000
6.177762533701e-006	2.300000000000e+000
6.251197838964e-006	2.300000000000e+000
6.397384480393e-006	2.300000000000e+000
6.407198838963e-006	2.300000000000e+000
6.407198938963e-006	1.840000001614e+000
6.407199138963e-006	9.200000021727e-001
6.407199538963e-006	-9.199999967092e-001
6.407199838963e-006	-2.299999999767e+000
6.407199918964e-006	-2.300000000000e+000
6.407200078963e-006	-2.300000000000e+000
6.407200398964e-006	-2.300000000000e+000
6.407201038964e-006	-2.300000000000e+000
6.407202318964e-006	-2.300000000000e+000
6.407204878964e-006	-2.300000000000e+000
6.407209998964e-006	-2.300000000000e+000
6.407220238964e-006	-2.300000000000e+000
6.407240718964e-006	-2.300000000000e+000
6.407281678964e-006	-2.300000000000e+000
6.407363598964e-006	-2.300000000000e+000
6.407527438964e-006	-2.300000000000e+000
6.407855118964e-006	-2.300000000000e+000
6.408510478964e-006	-2.300000000000e+000
6.409272188153e-006	-2.300000000000e+000
6.410429244161e-006	-2.300000000000e+000
6.412100368345e-006	-2.300000000000e+000
6.415442616711e-006	-2.300000000000e+000
6.422127113445e-006	-2.300000000000e+000
6.435496106911e-006	-2.300000000000e+000
6.462234093845e-006	-2.300000000000e+000
6.515710067711e-006	-2.300000000000e+000
6.622662015445e-006	-2.300000000000e+000
6.643404273062e-006	-2.300000000000e+000
6.706154946662e-006	-2.300000000000e+000
6.746593844849e-006	-2.300000000000e+000
6.772102844694e-006	-2.300000000000e+000
6.826593844849e-006	-2.300000000000e+000
6.826593944849e-006	-1.840000000280e+000
6.826594144849e-006	-9.200000008386e-001
6.826594544849e-006	9.199999980433e-001
6.826594844849e-006	2.299999997205e+000
6.826594924849e-006	2.300000000000e+000
6.826595084849e-006	2.300000000000e+000
6.826595404849e-006	2.300000000000e+000
6.826596044849e-006	2.300000000000e+000
6.826597324849e-006	2.300000000000e+000
6.826599884849e-006	2.300000000000e+000
6.826605004849e-006	2.300000000000e+000
6.826615244849e-006	2.300000000000e+000
6.826635724849e-006	2.300000000000e+000
6.826676684849e-006	2.300000000000e+000
6.826758604849e-006	2.300000000000e+000
6.826922444849e-006	2.300000000000e+000
6.827206749472e-006	2.300000000000e+000
6.827508491049e-006	2.300000000000e+000
6.827843695532e-006	2.300000000000e+000
6.828172819452e-006	2.300000000000e+000
6.828637006214e-006	2.300000000000e+000
6.829462417073e-006	2.300000000000e+000
6.830970670423e-006	2.300000000000e+000
6.833666013121e-006	2.300000000000e+000
6.836351488834e-006	2.300000000000e+000
6.841717054886e-006	2.300000000000e+000
6.846700442894e-006	2.300000000000e+000
6.856667218910e-006	2.300000000000e+000
6.872776055146e-006	2.300000000000e+000
6.883133354673e-006	2.300000000000e+000
6.890051293210e-006	2.300000000000e+000
6.896282220825e-006	2.300000000000e+000
6.909829179334e-006	2.300000000000e+000
6.936923096352e-006	2.300000000000e+000
6.991110930389e-006	2.300000000000e+000
7.056546235640e-006	2.300000000000e+000
7.194732877038e-006	2.300000000000e+000
7.198733877038e-006	2.300000000000e+000
7.198733977038e-006	1.840000001614e+000
7.198734177038e-006	9.200000021727e-001
7.198734577038e-006	-9.199999967092e-001
7.198734877038e-006	-2.300000000000e+000
7.198734957038e-006	-2.300000000000e+000
7.198735117038e-006	-2.300000000000e+000
7.198735437038e-006	-2.300000000000e+000
7.198736077038e-006	-2.300000000000e+000
7.198737357038e-006	-2.300000000000e+000
7.198739917038e-006	-2.300000000000e+000
7.198745037038e-006	-2.300000000000e+000
7.198755277038e-006	-2.300000000000e+000
7.198775757038e-006	-2.300000000000e+000
7.198816717038e-006	-2.300000000000e+000
7.198898637038e-006	-2.300000000000e+000
7.199062477038e-006	-2.300000000000e+000
7.199390157038e-006	-2.300000000000e+000
7.200045517039e-006	-2.300000000000e+000
7.200807226229e-006	-2.300000000000e+000
7.201964282237e-006	-2.300000000000e+000
7.203635406422e-006	-2.300000000000e+000
7.206977654792e-006	-2.300000000000e+000
7.213662151530e-006	-2.300000000000e+000
7.227031145008e-006	-2.300000000000e+000
7.253769131964e-006	-2.300000000000e+000
7.307245105874e-006	-2.300000000000e+000
7.382709282532e-006	-2.300000000000e+000
7.395451540241e-006	-2.300000000000e+000
7.458202213837e-006	-2.300000000000e+000
7.498641112014e-006	-2.300000000000e+000
7.516150111915e-006	-2.300000000000e+000
7.570641112014e-006	-2.300000000000e+000
7.570641212014e-006	-1.840000000280e+000
7.570641412014e-006	-9.200000008386e-001
7.570641812014e-006	9.199999980433e-001
7.570642112014e-006	2.299999997205e+000
7.570642192014e-006	2.300000000000e+000
7.570642352014e-006	2.300000000000e+000
7.570642672014e-006	2.300000000000e+000
7.570643312014e-006	2.300000000000e+000
7.570644592014e-006	2.300000000000e+000
7.570647152014e-006	2.300000000000e+000
7.570652272014e-006	2.300000000000e+000
7.570662512014e-006	2.300000000000e+000
7.570682992014e-006	2.300000000000e+000
7.570723952014e-006	2.300000000000e+000
7.570805872014e-006	2.300000000000e+000
7.570969712014e-006	2.300000000000e+000
7.571254016637e-006	2.300000000000e+000
7.571555758214e-006	2.300000000000e+000
7.571890962698e-006	2.300000000000e+000
7.572220086618e-006	2.300000000000e+000
7.572684273380e-006	2.300000000000e+000
7.573509684239e-006	2.300000000000e+000
7.575017937589e-006	2.300000000000e+000
7.577713280286e-006	2.300000000000e+000
7.580398755998e-006	2.300000000000e+000
7.585764322056e-006	2.300000000000e+000
7.590747710060e-006	2.300000000000e+000
7.600714486069e-006	2.300000000000e+000
7.616823322311e-006	2.300000000000e+000
7.627180621840e-006	2.300000000000e+000
7.634098560382e-006	2.300000000000e+000
7.640872039636e-006	2.300000000000e+000
7.652649925765e-006	2.300000000000e+000
7.679743842781e-006	2.300000000000e+000
7.733931676811e-006	2.300000000000e+000
7.791366982045e-006	2.300000000000e+000
7.921553623401e-006	2.300000000000e+000
7.931367982045e-006	2.300000000000e+000
7.931368082045e-006	1.840000001614e+000
7.931368282045e-006	9.200000021727e-001
7.931368682045e-006	-9.199999967092e-001
7.931368982045e-006	-2.300000000000e+000
7.931369062045e-006	-2.300000000000e+000
7.931369222045e-006	-2.300000000000e+000
7.931369542045e-006	-2.300000000000e+000
7.931370182045e-006	-2.300000000000e+000
7.931371462045e-006	-2.300000000000e+000
7.931374022045e-006	-2.300000000000e+000
7.931379142045e-006	-2.300000000000e+000
7.931389382045e-006	-2.300000000000e+000
7.931409862045e-006	-2.300000000000e+000
7.931450822046e-006	-2.300000000000e+000
7.931532742046e-006	-2.300000000000e+000
7.931696582046e-006	-2.300000000000e+000
7.932024262046e-006	-2.300000000000e+000
7.932679622047e-006	-2.300000000000e+000
7.933441331237e-006	-2.300000000000e+000
7.934598387245e-006	-2.300000000000e+000
7.935500916630e-006	-2.300000000000e+000
7.938843164999e-006	-2.300000000000e+000
7.945527661738e-006	-2.300000000000e+000
7.958896655216e-006	-2.300000000000e+000
7.985634642171e-006	-2.300000000000e+000
8.039110616081e-006	-2.300000000000e+000
8.106574792738e-006	-2.300000000000e+000
8.111317050445e-006	-2.300000000000e+000
8.174067724040e-006	-2.300000000000e+000
8.214506622217e-006	-2.300000000000e+000
8.224015622116e-006	-2.300000000000e+000
8.278506622217e-006	-2.299999992207e+000
8.278506722217e-006	-1.839999992487e+000
8.278506922217e-006	-9.199999930459e-001
8.278507322217e-006	9.200000058360e-001
8.278507622217e-006	2.299999997205e+000
8.278507702217e-006	2.300000000000e+000
8.278507862217e-006	2.300000000000e+000
8.278508182217e-006	2.300000000000e+000
8.278508822217e-006	2.300000000000e+000
8.278510102217e-006	2.300000000000e+000
8.278512662217e-006	2.300000000000e+000
8.278517782217e-006	2.300000000000e+000
8.278528022217e-006	2.300000000000e+000
8.278548502217e-006	2.300000000000e+000
8.278589462217e-006	2.300000000000e+000
8.278671382217e-006	2.300000000000e+000
8.278835222217e-006	2.300000000000e+000
8.279119526840e-006	2.300000000000e+000
8.279421268417e-006	2.300000000000e+000
8.279756472900e-006	2.300000000000e+000
8.280085596819e-006	2.300000000000e+000
8.280549783581e-006	2.300000000000e+000
8.281375194441e-006	2.300000000000e+000
8.282883447791e-006	2.300000000000e+000
8.285578790495e-006	2.300000000000e+000
8.288264266213e-006	2.300000000000e+000
8.293629832246e-006	2.300000000000e+000
8.298613220270e-006	2.300000000000e+000
8.308579996318e-006	2.300000000000e+000
8.324688832519e-006	2.300000000000e+000
8.335046132030e-006	2.300000000000e+000
8.341964070540e-006	2.300000000000e+000
8.348737549798e-006	2.300000000000e+000
8.352515435894e-006	2.300000000000e+000
8.379609352926e-006	2.300000000000e+000
8.433797186989e-006	2.300000000000e+000
8.483232492308e-006	2.300000000000e+000
8.605419133880e-006	2.300000000000e+000
8.615233492308e-006	2.300000000000e+000
8.615233592308e-006	1.840000001614e+000
8.615233792308e-006	9.200000021727e-001
8.615234192308e-006	-9.199999967092e-001
8.615234492308e-006	-2.300000000000e+000
8.615234572308e-006	-2.300000000000e+000
8.615234732308e-006	-2.300000000000e+000
8.615235052308e-006	-2.300000000000e+000
8.615235692308e-006	-2.300000000000e+000
8.615236972308e-006	-2.300000000000e+000
8.615239532308e-006	-2.300000000000e+000
8.615244652308e-006	-2.300000000000e+000
8.615254892308e-006	-2.300000000000e+000
8.615275372308e-006	-2.300000000000e+000
8.615316332308e-006	-2.300000000000e+000
8.615398252308e-006	-2.300000000000e+000
8.615562092308e-006	-2.300000000000e+000
8.615889772309e-006	-2.300000000000e+000
8.616545132309e-006	-2.300000000000e+000
8.617306841499e-006	-2.300000000000e+000
8.618463897508e-006	-2.300000000000e+000
8.620135021693e-006	-2.300000000000e+000
8.623477270062e-006	-2.300000000000e+000
8.626406544555e-006	-2.300000000000e+000
8.639775538033e-006	-2.300000000000e+000
8.666513524988e-006	-2.300000000000e+000
8.719989498899e-006	-2.300000000000e+000
8.779453675558e-006	-2.300000000000e+000
8.860731756611e-006	-2.300000000000e+000
8.920224687920e-006	-2.300000000000e+000
8.960663586097e-006	-2.300000000000e+000
8.962172586004e-006	-2.300000000000e+000
9.016663586097e-006	-2.300000000000e+000
9.016663686097e-006	-1.840000000280e+000
9.016663886097e-006	-9.200000008386e-001
9.016664286097e-006	9.199999980433e-001
9.016664586097e-006	2.299999997205e+000
9.016664666097e-006	2.300000000000e+000
9.016664826097e-006	2.300000000000e+000
9.016665146097e-006	2.300000000000e+000
9.016665786097e-006	2.300000000000e+000
9.016667066097e-006	2.300000000000e+000
9.016669626097e-006	2.300000000000e+000
9.016674746097e-006	2.300000000000e+000
9.016684986097e-006	2.300000000000e+000
9.016705466097e-006	2.300000000000e+000
9.016746426097e-006	2.300000000000e+000
9.016828346097e-006	2.300000000000e+000
9.016992186097e-006	2.300000000000e+000
9.017276490721e-006	2.300000000000e+000
9.017578232298e-006	2.300000000000e+000
9.017913436781e-006	2.300000000000e+000
9.018242560702e-006	2.300000000000e+000
9.018706747463e-006	2.300000000000e+000
9.019532158322e-006	2.300000000000e+000
9.021040411672e-006	2.300000000000e+000
9.023735754370e-006	2.300000000000e+000
9.026421230082e-006	2.300000000000e+000
9.031786796139e-006	2.300000000000e+000
9.036770184143e-006	2.300000000000e+000
9.046736960153e-006	2.300000000000e+000
9.062845796394e-006	2.300000000000e+000
9.073203095924e-006	2.300000000000e+000
9.080121034465e-006	2.300000000000e+000
9.086894513719e-006	2.300000000000e+000
9.100441472227e-006	2.300000000000e+000
9.123313275371e-006	2.300000000000e+000
9.177501109401e-006	2.300000000000e+000
9.218936414637e-006	2.300000000000e+000
9.333123055993e-006	2.300000000000e+000
9.342937414637e-006	2.300000000000e+000
9.342937514637e-006	1.840000001614e+000
9.342937714637e-006	9.200000021727e-001
9.342938114637e-006	-9.199999967092e-001
9.342938414637e-006	-2.300000000000e+000
9.342938494637e-006	-2.300000000000e+000
9.342938654637e-006	-2.300000000000e+000
9.342938974637e-006	-2.300000000000e+000
9.342939614637e-006	-2.300000000000e+000
9.342940894637e-006	-2.300000000000e+000
9.342943454637e-006	-2.300000000000e+000
9.342948574637e-006	-2.300000000000e+000
9.342958814637e-006	-2.300000000000e+000
9.342979294637e-006	-2.300000000000e+000
9.343020254637e-006	-2.300000000000e+000
9.343102174637e-006	-2.300000000000e+000
9.343266014637e-006	-2.300000000000e+000
9.343593694637e-006	-2.300000000000e+000
9.344249054638e-006	-2.300000000000e+000
9.345010763828e-006	-2.300000000000e+000
9.346167819837e-006	-2.300000000000e+000
9.347838944021e-006	-2.300000000000e+000
9.351181192391e-006	-2.300000000000e+000
9.357865689129e-006	-2.300000000000e+000
9.366163957100e-006	-2.300000000000e+000
9.392901944055e-006	-2.300000000000e+000
9.446377917966e-006	-2.300000000000e+000
9.497842094623e-006	-2.300000000000e+000
9.579120175673e-006	-2.300000000000e+000
9.630613106976e-006	-2.300000000000e+000
9.671052005154e-006	-2.300000000000e+000
9.716629175573e-006	-2.300000000000e+000
9.764629175573e-006	-2.300000000000e+000
9.764629275573e-006	-1.840000000280e+000
9.764629475573e-006	-9.200000008386e-001
9.764629875573e-006	9.199999980433e-001
9.764630175573e-006	2.299999997205e+000
9.764630255573e-006	2.300000000000e+000
9.764630415573e-006	2.300000000000e+000
9.764630735573e-006	2.300000000000e+000
9.764631375573e-006	2.300000000000e+000
9.764632655573e-006	2.300000000000e+000
9.764635215573e-006	2.300000000000e+000
9.764640335573e-006	2.300000000000e+000
9.764650575573e-006	2.300000000000e+000
9.764671055573e-006	2.300000000000e+000
9.764712015573e-006	2.300000000000e+000
9.764793935573e-006	2.300000000000e+000
9.764957775573e-006	2.300000000000e+000
9.765242080197e-006	2.300000000000e+000
9.765543821774e-006	2.300000000000e+000
9.765879026257e-006	2.300000000000e+000
9.766208150178e-006	2.300000000000e+000
9.766672336939e-006	2.300000000000e+000
9.767497747798e-006	2.300000000000e+000
9.769006001148e-006	2.300000000000e+000
9.771701343846e-006	2.300000000000e+000
9.774386819558e-006	2.300000000000e+000
9.779752385615e-006	2.300000000000e+000
9.784735773619e-006	2.300000000000e+000
9.794702549628e-006	2.300000000000e+000
9.810811385870e-006	2.300000000000e+000
9.821168685400e-006	2.300000000000e+000
9.828086623942e-006	2.300000000000e+000
9.834860103195e-006	2.300000000000e+000
9.848407061703e-006	2.300000000000e+000
9.863278864847e-006	2.300000000000e+000
9.917466698877e-006	2.300000000000e+000
9.950902004112e-006	2.300000000000e+000
1.005708864547e-005	2.300000000000e+000
1.006690300411e-005	2.300000000000e+000
1.006690310411e-005	1.840000001614e+000
1.006690330411e-005	9.200000021727e-001
1.006690370411e-005	-9.199999967092e-001
1.006690400411e-005	-2.300000000000e+000
1.006690408411e-005	-2.300000000000e+000
1.006690424411e-005	-2.300000000000e+000
1.006690456411e-005	-2.300000000000e+000
1.006690520411e-005	-2.300000000000e+000
1.006690648411e-005	-2.300000000000e+000
1.006690904411e-005	-2.300000000000e+000
1.006691416411e-005	-2.300000000000e+000
1.006692440411e-005	-2.300000000000e+000
1.006694488411e-005	-2.300000000000e+000
1.006698584411e-005	-2.300000000000e+000
1.006706776411e-005	-2.300000000000e+000
1.006723160411e-005	-2.300000000000e+000
1.006755928411e-005	-2.300000000000e+000
1.006821464411e-005	-2.300000000000e+000
1.006897635330e-005	-2.300000000000e+000
1.007013340931e-005	-2.300000000000e+000
1.007180453350e-005	-2.300000000000e+000
1.007514678187e-005	-2.300000000000e+000
1.008183127860e-005	-2.300000000000e+000
1.008212954657e-005	-2.300000000000e+000
1.010886753353e-005	-2.300000000000e+000
1.016234350744e-005	-2.300000000000e+000
1.020580768410e-005	-2.300000000000e+000
1.028708576515e-005	-2.300000000000e+000
1.033057869645e-005	-2.300000000000e+000
1.037101759463e-005	-2.300000000000e+000
1.041659476504e-005	-2.300000000000e+000
1.045659476504e-005	-2.299999992207e+000
1.045659486504e-005	-1.839999992487e+000
1.045659506504e-005	-9.199999930459e-001
1.045659546504e-005	9.200000058360e-001
1.045659576504e-005	2.299999997205e+000
1.045659584504e-005	2.300000000000e+000
1.045659600504e-005	2.300000000000e+000
1.045659632504e-005	2.300000000000e+000
1.045659696504e-005	2.300000000000e+000
1.045659824504e-005	2.300000000000e+000
1.045660080504e-005	2.300000000000e+000
1.045660592504e-005	2.300000000000e+000
1.045661616504e-005	2.300000000000e+000
1.045663664504e-005	2.300000000000e+000
1.045667760504e-005	2.300000000000e+000
1.045675952504e-005	2.300000000000e+000
1.045692336504e-005	2.300000000000e+000
1.045720766967e-005	2.300000000000e+000
1.045750941124e-005	2.300000000000e+000
1.045784461573e-005	2.300000000000e+000
1.045817373965e-005	2.300000000000e+000
1.045863792641e-005	2.300000000000e+000
1.045946333727e-005	2.300000000000e+000
1.046097159062e-005	2.300000000000e+000
1.046366693332e-005	2.300000000000e+000
1.046635240904e-005	2.300000000000e+000
1.047171797507e-005	2.300000000000e+000
1.047670136310e-005	2.300000000000e+000
1.048666813915e-005	2.300000000000e+000
1.050277697535e-005	2.300000000000e+000
1.051313427486e-005	2.300000000000e+000
1.052005221337e-005	2.300000000000e+000
1.052682569263e-005	2.300000000000e+000
1.054037265114e-005	2.300000000000e+000
1.054724445427e-005	2.300000000000e+000
1.060143228833e-005	2.300000000000e+000
1.062686759365e-005	2.300000000000e+000
1.072505423522e-005	2.300000000000e+000
1.073486859365e-005	2.300000000000e+000
1.073486869365e-005	1.840000001614e+000
1.073486889365e-005	9.200000021727e-001
1.073486929365e-005	-9.199999967092e-001
1.073486959365e-005	-2.300000000000e+000
1.073486967365e-005	-2.300000000000e+000
1.073486983365e-005	-2.300000000000e+000
1.073487015365e-005	-2.300000000000e+000
1.073487079365e-005	-2.300000000000e+000
1.073487207365e-005	-2.300000000000e+000
1.073487463365e-005	-2.300000000000e+000
1.073487975365e-005	-2.300000000000e+000
1.073488999365e-005	-2.300000000000e+000
1.073491047365e-005	-2.300000000000e+000
1.073495143365e-005	-2.300000000000e+000
1.073503335365e-005	-2.300000000000e+000
1.073519719365e-005	-2.300000000000e+000
1.073552487365e-005	-2.300000000000e+000
1.073618023365e-005	-2.300000000000e+000
1.073694194284e-005	-2.300000000000e+000
1.073809899885e-005	-2.300000000000e+000
1.073977012304e-005	-2.300000000000e+000
1.074311237141e-005	-2.300000000000e+000
1.074979686814e-005	-2.300000000000e+000
1.076316586162e-005	-2.300000000000e+000
1.078220211655e-005	-2.300000000000e+000
1.083567809046e-005	-2.300000000000e+000
1.087114226712e-005	-2.300000000000e+000
1.095242034817e-005	-2.300000000000e+000
1.098791327948e-005	-2.300000000000e+000
1.102835217766e-005	-2.300000000000e+000
1.107392934808e-005	-2.300000000000e+000
1.110592934808e-005	-2.300000000000e+000
1.110592944808e-005	-1.840000000280e+000
1.110592964808e-005	-9.200000008386e-001
1.110593004808e-005	9.199999980433e-001
1.110593034808e-005	2.299999997205e+000
1.110593042808e-005	2.300000000000e+000
1.110593058808e-005	2.300000000000e+000
1.110593090808e-005	2.300000000000e+000
1.110593154808e-005	2.300000000000e+000
1.110593282808e-005	2.300000000000e+000
1.110593538808e-005	2.300000000000e+000
1.110594050808e-005	2.300000000000e+000
1.110595074808e-005	2.300000000000e+000
1.110597122808e-005	2.300000000000e+000
1.110601218808e-005	2.300000000000e+000
1.110609410808e-005	2.300000000000e+000
1.110625794808e-005	2.300000000000e+000
1.110654225270e-005	2.300000000000e+000
1.110684399428e-005	2.300000000000e+000
1.110717919876e-005	2.300000000000e+000
1.110750832268e-005	2.300000000000e+000
1.110797250945e-005	2.300000000000e+000
1.110879792031e-005	2.300000000000e+000
1.111030617366e-005	2.300000000000e+000
1.111300151635e-005	2.300000000000e+000
1.111568699206e-005	2.300000000000e+000
1.112105255812e-005	2.300000000000e+000
1.112603594613e-005	2.300000000000e+000
1.113600272214e-005	2.300000000000e+000
1.115211155838e-005	2.300000000000e+000
1.116246885791e-005	2.300000000000e+000
1.116938679645e-005	2.300000000000e+000
1.117616027570e-005	2.300000000000e+000
1.118970723421e-005	2.300000000000e+000
1.121680115122e-005	2.300000000000e+000
1.126986078840e-005	2.300000000000e+000
1.128729609364e-005	2.300000000000e+000
1.137748273499e-005	2.300000000000e+000
1.138729709364e-005	2.300000000000e+000
1.138729719364e-005	1.840000001614e+000
1.138729739364e-005	9.200000021727e-001
1.138729779364e-005	-9.199999967092e-001
1.138729809364e-005	-2.300000000000e+000
1.138729817364e-005	-2.300000000000e+000
1.138729833364e-005	-2.300000000000e+000
1.138729865364e-005	-2.300000000000e+000
1.138729929364e-005	-2.300000000000e+000
1.138730057364e-005	-2.300000000000e+000
1.138730313364e-005	-2.300000000000e+000
1.138730825364e-005	-2.300000000000e+000
1.138731849364e-005	-2.300000000000e+000
1.138733897364e-005	-2.300000000000e+000
1.138737993364e-005	-2.300000000000e+000
1.138746185364e-005	-2.300000000000e+000
1.138762569364e-005	-2.300000000000e+000
1.138795337364e-005	-2.300000000000e+000
1.138860873364e-005	-2.300000000000e+000
1.138937044283e-005	-2.300000000000e+000
1.139052749883e-005	-2.300000000000e+000
1.139219862302e-005	-2.300000000000e+000
1.139554087139e-005	-2.300000000000e+000
1.140222536813e-005	-2.300000000000e+000
1.141559436161e-005	-2.300000000000e+000
1.142663061653e-005	-2.300000000000e+000
1.148010659044e-005	-2.300000000000e+000
1.150757076710e-005	-2.300000000000e+000
1.158884884815e-005	-2.300000000000e+000
1.161634177945e-005	-2.300000000000e+000
1.165678067763e-005	-2.300000000000e+000
1.170235784805e-005	-2.300000000000e+000
1.172635784805e-005	-2.299999992207e+000
1.172635794805e-005	-1.839999992487e+000
1.172635814805e-005	-9.199999930459e-001
1.172635854805e-005	9.200000058360e-001
1.172635884805e-005	2.299999997205e+000
1.172635892805e-005	2.300000000000e+000
1.172635908805e-005	2.300000000000e+000
1.172635940805e-005	2.300000000000e+000
1.172636004805e-005	2.300000000000e+000
1.172636132805e-005	2.300000000000e+000
1.172636388805e-005	2.300000000000e+000
1.172636900805e-005	2.300000000000e+000
1.172637924805e-005	2.300000000000e+000
1.172639972805e-005	2.300000000000e+000
1.172644068805e-005	2.300000000000e+000
1.172652260805e-005	2.300000000000e+000
1.172668644805e-005	2.300000000000e+000
1.172697075267e-005	2.300000000000e+000
1.172727249425e-005	2.300000000000e+000
1.172760769873e-005	2.300000000000e+000
1.172793682265e-005	2.300000000000e+000
1.172840100941e-005	2.300000000000e+000
1.172922642027e-005	2.300000000000e+000
1.173073467362e-005	2.300000000000e+000
1.173343001632e-005	2.300000000000e+000
1.173611549204e-005	2.300000000000e+000
1.174148105807e-005	2.300000000000e+000
1.174646444610e-005	2.300000000000e+000
1.175643122215e-005	2.300000000000e+000
1.177254005835e-005	2.300000000000e+000
1.178289735786e-005	2.300000000000e+000
1.178981529637e-005	2.300000000000e+000
1.179658877563e-005	2.300000000000e+000
1.181013573414e-005	2.300000000000e+000
1.183722965117e-005	2.300000000000e+000
1.188228928837e-005	2.300000000000e+000
1.189172459368e-005	2.300000000000e+000
1.197391123526e-005	2.300000000000e+000
1.198372559368e-005	2.299999993541e+000
1.198372569368e-005	1.840000001614e+000
1.198372589368e-005	9.200000021727e-001
1.198372629368e-005	-9.199999967092e-001
1.198372659368e-005	-2.300000000000e+000
1.198372667368e-005	-2.300000000000e+000
1.198372683368e-005	-2.300000000000e+000
1.198372715368e-005	-2.300000000000e+000
1.198372779368e-005	-2.300000000000e+000
1.198372907368e-005	-2.300000000000e+000
1.198373163368e-005	-2.300000000000e+000
1.198373675368e-005	-2.300000000000e+000
1.198374699368e-005	-2.300000000000e+000
1.198376747368e-005	-2.300000000000e+000
1.198380843368e-005	-2.300000000000e+000
1.198389035368e-005	-2.300000000000e+000
1.198405419368e-005	-2.300000000000e+000
1.198438187368e-005	-2.300000000000e+000
1.198503723368e-005	-2.300000000000e+000
1.198579894287e-005	-2.300000000000e+000
1.198695599888e-005	-2.300000000000e+000
1.198862712306e-005	-2.300000000000e+000
1.199196937143e-005	-2.300000000000e+000
1.199865386816e-005	-2.300000000000e+000
1.201202286163e-005	-2.300000000000e+000
1.201505911651e-005	-2.300000000000e+000
1.206853509037e-005	-2.300000000000e+000
1.208799926683e-005	-2.300000000000e+000
1.216927734797e-005	-2.300000000000e+000
1.218877027917e-005	-2.300000000000e+000
1.222920917736e-005	-2.300000000000e+000
1.227478634780e-005	-2.300000000000e+000
1.229078634780e-005	-2.300000000000e+000
1.229078644780e-005	-1.839999992487e+000
1.229078664780e-005	-9.199999930459e-001
1.229078704780e-005	9.200000058360e-001
1.229078734780e-005	2.299999997205e+000
1.229078742780e-005	2.300000000000e+000
1.229078758780e-005	2.300000000000e+000
1.229078790780e-005	2.300000000000e+000
1.229078854780e-005	2.300000000000e+000
1.229078982780e-005	2.300000000000e+000
1.229079238780e-005	2.300000000000e+000
1.229079750780e-005	2.300000000000e+000
1.229080774780e-005	2.300000000000e+000
1.229082822780e-005	2.300000000000e+000
1.229086918780e-005	2.300000000000e+000
1.229095110780e-005	2.300000000000e+000
1.229111494780e-005	2.300000000000e+000
1.229139925242e-005	2.300000000000e+000
1.229170099400e-005	2.300000000000e+000
1.229203619848e-005	2.300000000000e+000
1.229236532240e-005	2.300000000000e+000
1.229282950916e-005	2.300000000000e+000
1.229365492002e-005	2.300000000000e+000
1.229516317337e-005	2.300000000000e+000
1.229785851607e-005	2.300000000000e+000
1.230054399178e-005	2.300000000000e+000
1.230590955784e-005	2.300000000000e+000
1.231089294584e-005	2.300000000000e+000
1.232085972186e-005	2.300000000000e+000
1.233696855810e-005	2.300000000000e+000
1.234732585762e-005	2.300000000000e+000
1.235424379616e-005	2.300000000000e+000
1.236101727541e-005	2.300000000000e+000
1.237456423392e-005	2.300000000000e+000
1.240165815094e-005	2.300000000000e+000
1.243871778812e-005	2.300000000000e+000
1.244015309337e-005	2.300000000000e+000
1.251433973477e-005	2.300000000000e+000
1.252415409337e-005	2.299999993541e+000
1.252415419337e-005	1.839999986028e+000
1.252415439337e-005	9.199999865873e-001
1.252415479337e-005	-9.200000122946e-001
1.252415509337e-005	-2.300000000000e+000
1.252415517337e-005	-2.300000000000e+000
1.252415533337e-005	-2.300000000000e+000
1.252415565337e-005	-2.300000000000e+000
1.252415629337e-005	-2.300000000000e+000
1.252415757337e-005	-2.300000000000e+000
1.252416013337e-005	-2.300000000000e+000
1.252416525337e-005	-2.300000000000e+000
1.252417549337e-005	-2.300000000000e+000
1.252419597337e-005	-2.300000000000e+000
1.252423693337e-005	-2.300000000000e+000
1.252431885337e-005	-2.300000000000e+000
1.252448269337e-005	-2.300000000000e+000
1.252481037337e-005	-2.300000000000e+000
1.252546573337e-005	-2.300000000000e+000
1.252622744256e-005	-2.300000000000e+000
1.252738449857e-005	-2.300000000000e+000
1.252905562275e-005	-2.300000000000e+000
1.253239787112e-005	-2.300000000000e+000
1.253908236785e-005	-2.300000000000e+000
1.255245136132e-005	-2.300000000000e+000
1.257918934825e-005	-2.300000000000e+000
1.262770157699e-005	-2.300000000000e+000
1.263916575345e-005	-2.300000000000e+000
1.272044383459e-005	-2.300000000000e+000
1.273193676578e-005	-2.300000000000e+000
1.277237566397e-005	-2.300000000000e+000
1.281795283441e-005	-2.300000000000e+000
1.282595283441e-005	-2.300000000000e+000
1.282595293441e-005	-1.840000008072e+000
1.282595313441e-005	-9.200000086313e-001
1.282595353441e-005	9.199999902506e-001
1.282595383441e-005	2.299999997205e+000
1.282595391441e-005	2.300000000000e+000
1.282595407441e-005	2.300000000000e+000
1.282595439441e-005	2.300000000000e+000
1.282595503441e-005	2.300000000000e+000
1.282595631441e-005	2.300000000000e+000
1.282595887441e-005	2.300000000000e+000
1.282596399441e-005	2.300000000000e+000
1.282597423441e-005	2.300000000000e+000
1.282599471441e-005	2.300000000000e+000
1.282603567441e-005	2.300000000000e+000
1.282611759441e-005	2.300000000000e+000
1.282628143441e-005	2.300000000000e+000
1.282656573903e-005	2.300000000000e+000
1.282686748061e-005	2.300000000000e+000
1.282720268509e-005	2.300000000000e+000
1.282753180901e-005	2.300000000000e+000
1.282799599577e-005	2.300000000000e+000
1.282882140663e-005	2.300000000000e+000
1.283032965998e-005	2.300000000000e+000
1.283302500268e-005	2.300000000000e+000
1.283571047839e-005	2.300000000000e+000
1.284107604445e-005	2.300000000000e+000
1.284605943245e-005	2.300000000000e+000
1.285602620847e-005	2.300000000000e+000
1.287213504471e-005	2.300000000000e+000
1.288249234423e-005	2.300000000000e+000
1.288941028277e-005	2.300000000000e+000
1.289618376202e-005	2.300000000000e+000
1.290973072053e-005	2.300000000000e+000
1.293682463755e-005	2.300000000000e+000
1.296588427473e-005	2.300000000000e+000
1.307425994280e-005	2.300000000000e+000
1.328444658420e-005	2.300000000000e+000
1.329426094280e-005	2.299999993541e+000
1.329426104280e-005	1.840000001614e+000
1.329426124280e-005	9.200000021727e-001
1.329426164280e-005	-9.199999967092e-001
1.329426194280e-005	-2.300000000000e+000
1.329426202280e-005	-2.300000000000e+000
1.329426218280e-005	-2.300000000000e+000
1.329426250280e-005	-2.300000000000e+000
1.329426314280e-005	-2.300000000000e+000
1.329426442280e-005	-2.300000000000e+000
1.329426698280e-005	-2.300000000000e+000
1.329427210280e-005	-2.300000000000e+000
1.329428234280e-005	-2.300000000000e+000
1.329430282280e-005	-2.300000000000e+000
1.329434378280e-005	-2.300000000000e+000
1.329442570280e-005	-2.300000000000e+000
1.329458954280e-005	-2.300000000000e+000
1.329491722280e-005	-2.300000000000e+000
1.329557258280e-005	-2.300000000000e+000
1.329633429199e-005	-2.300000000000e+000
1.329749134800e-005	-2.300000000000e+000
1.329916247218e-005	-2.300000000000e+000
1.330250472055e-005	-2.300000000000e+000
1.330918921728e-005	-2.300000000000e+000
1.332255821075e-005	-2.300000000000e+000
1.334929619768e-005	-2.300000000000e+000
1.340277217154e-005	-2.300000000000e+000
1.340623634801e-005	-2.300000000000e+000
1.348751442914e-005	-2.300000000000e+000
1.349100736034e-005	-2.300000000000e+000
1.353144625852e-005	-2.300000000000e+000
1.357702342896e-005	-2.300000000000e+000
1.363151442914e-005	-2.300000000000e+000
1.363151452914e-005	-1.839999992487e+000
1.363151472914e-005	-9.199999930459e-001
1.363151512914e-005	9.200000058360e-001
1.363151542914e-005	2.299999997205e+000
1.363151550914e-005	2.300000000000e+000
1.363151566914e-005	2.300000000000e+000
1.363151598914e-005	2.300000000000e+000
1.363151662914e-005	2.300000000000e+000
1.363151790914e-005	2.300000000000e+000
1.363152046914e-005	2.300000000000e+000
1.363152558914e-005	2.300000000000e+000
1.363153582914e-005	2.300000000000e+000
1.363155630914e-005	2.300000000000e+000
1.363159726914e-005	2.300000000000e+000
1.363167918914e-005	2.300000000000e+000
1.363184302914e-005	2.300000000000e+000
1.363212733376e-005	2.300000000000e+000
1.363242907534e-005	2.300000000000e+000
1.363276427982e-005	2.300000000000e+000
1.363309340374e-005	2.300000000000e+000
1.363355759050e-005	2.300000000000e+000
1.363438300136e-005	2.300000000000e+000
1.363589125471e-005	2.300000000000e+000
1.363858659741e-005	2.300000000000e+000
1.364127207312e-005	2.300000000000e+000
1.364663763918e-005	2.300000000000e+000
1.365162102718e-005	2.300000000000e+000
1.366158780320e-005	2.300000000000e+000
1.367769663944e-005	2.300000000000e+000
1.368805393896e-005	2.300000000000e+000
1.369497187750e-005	2.300000000000e+000
1.370174535675e-005	2.300000000000e+000
1.371529231526e-005	2.300000000000e+000
1.374238623228e-005	2.300000000000e+000
1.376344586946e-005	2.300000000000e+000
1.387182153753e-005	2.300000000000e+000
1.407400817893e-005	2.300000000000e+000
1.408382253753e-005	2.299999993541e+000
1.408382263753e-005	1.839999986028e+000
1.408382283753e-005	9.199999865873e-001
1.408382323753e-005	-9.200000122946e-001
1.408382353753e-005	-2.300000000000e+000
1.408382361753e-005	-2.300000000000e+000
1.408382377753e-005	-2.300000000000e+000
1.408382409753e-005	-2.300000000000e+000
1.408382473753e-005	-2.300000000000e+000
1.408382601753e-005	-2.300000000000e+000
1.408382857753e-005	-2.300000000000e+000
1.408383369753e-005	-2.300000000000e+000
1.408384393753e-005	-2.300000000000e+000
1.408386441753e-005	-2.300000000000e+000
1.408390537753e-005	-2.300000000000e+000
1.408398729753e-005	-2.300000000000e+000
1.408415113753e-005	-2.300000000000e+000
1.408447881753e-005	-2.300000000000e+000
1.408513417753e-005	-2.300000000000e+000
1.408589588672e-005	-2.300000000000e+000
1.408705294273e-005	-2.300000000000e+000
1.408872406691e-005	-2.300000000000e+000
1.409206631528e-005	-2.300000000000e+000
1.409875081201e-005	-2.300000000000e+000
1.411211980548e-005	-2.300000000000e+000
1.413885779241e-005	-2.300000000000e+000
1.419233376627e-005	-2.300000000000e+000
1.429928571400e-005	-2.300000000000e+000
1.437602797160e-005	-2.300000000000e+000
1.443877864519e-005	-2.300000000000e+000
1.447471047458e-005	-2.300000000000e+000
1.452028764502e-005	-2.300000000000e+000
1.457477864519e-005	-2.299999984415e+000
1.457477874519e-005	-1.839999992487e+000
1.457477894519e-005	-9.199999930459e-001
1.457477934519e-005	9.200000058360e-001
1.457477964519e-005	2.299999997205e+000
1.457477972519e-005	2.300000000000e+000
1.457477988519e-005	2.300000000000e+000
1.457478020519e-005	2.300000000000e+000
1.457478084519e-005	2.300000000000e+000
1.457478212519e-005	2.300000000000e+000
1.457478468519e-005	2.300000000000e+000
1.457478980519e-005	2.300000000000e+000
1.457480004519e-005	2.300000000000e+000
1.457482052519e-005	2.300000000000e+000
1.457486148519e-005	2.300000000000e+000
1.457494340519e-005	2.300000000000e+000
1.457510724519e-005	2.300000000000e+000
1.457539154982e-005	2.300000000000e+000
1.457569329139e-005	2.300000000000e+000
1.457602849588e-005	2.300000000000e+000
1.457635761979e-005	2.300000000000e+000
1.457682180655e-005	2.300000000000e+000
1.457764721742e-005	2.300000000000e+000
1.457915547076e-005	2.300000000000e+000
1.458185081348e-005	2.300000000000e+000
1.458360845748e-005	2.300000000000e+000
1.458897402349e-005	2.300000000000e+000
1.459395741153e-005	2.300000000000e+000
1.460392418763e-005	2.300000000000e+000
1.462003302378e-005	2.300000000000e+000
1.463039032327e-005	2.300000000000e+000
1.463730826175e-005	2.300000000000e+000
1.464408174101e-005	2.300000000000e+000
1.465762869953e-005	2.300000000000e+000
1.468472261659e-005	2.300000000000e+000
1.469778225380e-005	2.300000000000e+000
1.480615792201e-005	2.300000000000e+000
1.500034456384e-005	2.300000000000e+000
1.501015892201e-005	2.299999993541e+000
1.501015902201e-005	1.839999986028e+000
1.501015922201e-005	9.199999865873e-001
1.501015962201e-005	-9.200000122946e-001
1.501015992201e-005	-2.300000000000e+000
1.501016000201e-005	-2.300000000000e+000
1.501016016201e-005	-2.300000000000e+000
1.501016048201e-005	-2.300000000000e+000
1.501016112201e-005	-2.300000000000e+000
1.501016240201e-005	-2.300000000000e+000
1.501016496201e-005	-2.300000000000e+000
1.501017008201e-005	-2.300000000000e+000
1.501018032201e-005	-2.300000000000e+000
1.501020080201e-005	-2.300000000000e+000
1.501024176201e-005	-2.300000000000e+000
1.501032368201e-005	-2.300000000000e+000
1.501048752201e-005	-2.300000000000e+000
1.501081520201e-005	-2.300000000000e+000
1.501147056201e-005	-2.300000000000e+000
1.501223227120e-005	-2.300000000000e+000
1.501338932720e-005	-2.300000000000e+000
1.501506045139e-005	-2.300000000000e+000
1.501840269975e-005	-2.300000000000e+000
1.502508719649e-005	-2.300000000000e+000
1.503845618995e-005	-2.300000000000e+000
1.506519417688e-005	-2.300000000000e+000
1.511867015075e-005	-2.300000000000e+000
1.522562209847e-005	-2.300000000000e+000
1.529436435608e-005	-2.300000000000e+000
1.535711502968e-005	-2.300000000000e+000
1.538504685908e-005	-2.300000000000e+000
1.543062402952e-005	-2.300000000000e+000
1.548511502968e-005	-2.300000000000e+000
1.548511512968e-005	-1.840000008072e+000
1.548511532968e-005	-9.200000086313e-001
1.548511572968e-005	9.199999902506e-001
1.548511602968e-005	2.299999997205e+000
1.548511610968e-005	2.300000000000e+000
1.548511626968e-005	2.300000000000e+000
1.548511658968e-005	2.300000000000e+000
1.548511722968e-005	2.300000000000e+000
1.548511850968e-005	2.300000000000e+000
1.548512106968e-005	2.300000000000e+000
1.548512618968e-005	2.300000000000e+000
1.548513642968e-005	2.300000000000e+000
1.548515690968e-005	2.300000000000e+000
1.548519786968e-005	2.300000000000e+000
1.548527978968e-005	2.300000000000e+000
1.548544362968e-005	2.300000000000e+000
1.548572793431e-005	2.300000000000e+000
1.548602967589e-005	2.300000000000e+000
1.548636488037e-005	2.300000000000e+000
1.548669400429e-005	2.300000000000e+000
1.548715819105e-005	2.300000000000e+000
1.548798360191e-005	2.300000000000e+000
1.548949185526e-005	2.300000000000e+000
1.549218719796e-005	2.300000000000e+000
1.549487267367e-005	2.300000000000e+000
1.550023823972e-005	2.300000000000e+000
1.550434483777e-005	2.300000000000e+000
1.551431161378e-005	2.300000000000e+000
1.553042045002e-005	2.300000000000e+000
1.554077774955e-005	2.300000000000e+000
1.554769568808e-005	2.300000000000e+000
1.555446916734e-005	2.300000000000e+000
1.556801612585e-005	2.300000000000e+000
1.559511004286e-005	2.300000000000e+000
1.560016968004e-005	2.300000000000e+000
1.570854534812e-005	2.300000000000e+000
1.589473198952e-005	2.300000000000e+000
1.590454634812e-005	2.299999993541e+000
1.590454644812e-005	1.840000001614e+000
1.590454664812e-005	9.200000021727e-001
1.590454704812e-005	-9.199999967092e-001
1.590454734812e-005	-2.300000000000e+000
1.590454742812e-005	-2.300000000000e+000
1.590454758812e-005	-2.300000000000e+000
1.590454790812e-005	-2.300000000000e+000
1.590454854812e-005	-2.300000000000e+000
1.590454982812e-005	-2.300000000000e+000
1.590455238812e-005	-2.300000000000e+000
1.590455750812e-005	-2.300000000000e+000
1.590456774812e-005	-2.300000000000e+000
1.590458822812e-005	-2.300000000000e+000
1.590462918812e-005	-2.300000000000e+000
1.590471110812e-005	-2.300000000000e+000
1.590487494812e-005	-2.300000000000e+000
1.590520262812e-005	-2.300000000000e+000
1.590585798812e-005	-2.300000000000e+000
1.590661969731e-005	-2.300000000000e+000
1.590777675331e-005	-2.300000000000e+000
1.590944787750e-005	-2.300000000000e+000
1.591279012586e-005	-2.300000000000e+000
1.591947462260e-005	-2.300000000000e+000
1.593284361606e-005	-2.300000000000e+000
1.595958160299e-005	-2.300000000000e+000
1.601305757686e-005	-2.300000000000e+000
1.612000952458e-005	-2.300000000000e+000
1.618075178218e-005	-2.300000000000e+000
1.624350245578e-005	-2.300000000000e+000
1.626343428516e-005	-2.300000000000e+000
1.630901145560e-005	-2.300000000000e+000
1.636350245578e-005	-2.300000000000e+000
1.636350255578e-005	-1.839999992487e+000
1.636350275578e-005	-9.199999930459e-001
1.636350315578e-005	9.200000058360e-001
1.636350345578e-005	2.299999997205e+000
1.636350353578e-005	2.300000000000e+000
1.636350369578e-005	2.300000000000e+000
1.636350401578e-005	2.300000000000e+000
1.636350465578e-005	2.300000000000e+000
1.636350593578e-005	2.300000000000e+000
1.636350849578e-005	2.300000000000e+000
1.636351361578e-005	2.300000000000e+000
1.636352385578e-005	2.300000000000e+000
1.636354433578e-005	2.300000000000e+000
1.636358529578e-005	2.300000000000e+000
1.636366721578e-005	2.300000000000e+000
1.636383105578e-005	2.300000000000e+000
1.636411536040e-005	2.300000000000e+000
1.636441710198e-005	2.300000000000e+000
1.636475230646e-005	2.300000000000e+000
1.636508143038e-005	2.300000000000e+000
1.636554561714e-005	2.300000000000e+000
1.636637102800e-005	2.300000000000e+000
1.636787928135e-005	2.300000000000e+000
1.637057462405e-005	2.300000000000e+000
1.637326009976e-005	2.300000000000e+000
1.637862566582e-005	2.300000000000e+000
1.638360905382e-005	2.300000000000e+000
1.638968242789e-005	2.300000000000e+000
1.640579126412e-005	2.300000000000e+000
1.641614856365e-005	2.300000000000e+000
1.642306650218e-005	2.300000000000e+000
1.642983998144e-005	2.300000000000e+000
1.644338693995e-005	2.300000000000e+000
1.647048085697e-005	2.300000000000e+000
1.652466869100e-005	2.300000000000e+000
1.663010399625e-005	2.300000000000e+000
1.680829063765e-005	2.300000000000e+000
1.681810499625e-005	2.299999993541e+000
1.681810509625e-005	1.839999986028e+000
1.681810529625e-005	9.199999865873e-001
1.681810569625e-005	-9.200000122946e-001