–абота 10,1

1 вариант   2 вариант   3 вариант   4 вариант

 R  S  Q     R  S  Q     R  S  Q     R  S  Q 
 0  0  0     0  1  1     1  0  0     0  1  1 
 0  1  1     0  0  1     0  1  1     0  0  1
 1  0  0     1  0  0     0  0  1     1  0  0
 1  0  0     0  0  0     1  0  0     0  0  0
             0  1  1     0  0  0     0  1  1
                         0  1  1
–абота 10,2

1 вариант    2 вариант    3 вариант    4 вариант

R  S  C  Q   R  S  C  Q   R  S  C  Q   R  S  C  Q
0  0  1  0   0  1  1  1   0  1  1  1   
1  0  0  0   0  1  0  1   0  1  0  1
0  1  1  1   1  0  1  0   1  0  1  0
0  1  0  1   1  0  0  0   1  0  0  0
             0  0  1  0   0  1  1  1
                          0  1  0  1

–абота 10,3

1 вариант    2 вариант    3 вариант    4 вариант

J  K  C  Q   J  K  C  Q   J  K  C  Q   J  K  C  Q
1  0  1  1   0  0  1  0   1  1  1  1   1  1  1  1                                     
1  0  0  1   0  0  0  0   1  1  0  1   1  1  0  1                            
0  0  1  1   1  0  1  1   0  0  1  1   0  1  1  0                          
0  0  0  1   1  0  0  1   0  0  0  1   0  1  0  0                            
0  1  1  0   0  0  1  1   1  0  1  1   1  0  1  1                          
0  1  0  0   0  0  0  1   1  0  0  1   1  0  0  1
             0  1  1  0   0  1  1  0   0  0  1  1                            