0.000000000000e+000	9.999996071533e+000
1.000000000000e-014	9.999996930272e+000
2.000000000000e-014	9.999998647713e+000
4.000000000000e-014	1.000000379993e+001
8.000000000000e-014	1.000002440749e+001
1.600000000000e-013	1.000010682615e+001
3.200000000000e-013	1.000043640067e+001
6.400000000000e-013	1.000175380094e+001
1.000000000000e-012	1.000428306463e+001
1.064000000000e-012	1.000483090631e+001
1.192000000000e-012	1.000592611735e+001
1.448000000000e-012	1.000811408799e+001
1.960000000000e-012	1.001248025574e+001
2.984000000000e-012	1.002117368820e+001
5.032000000000e-012	1.003840643446e+001
9.128000000000e-012	1.007226700315e+001
1.732000000000e-011	1.013765647647e+001
3.370400000000e-011	1.025976019550e+001
6.647200000000e-011	1.047378724395e+001
1.320080000000e-010	1.080783159755e+001
2.630800000000e-010	1.123478784841e+001
5.252240000000e-010	1.162302214335e+001
8.139660554148e-010	1.174966164765e+001
1.133267490323e-009	1.176172496381e+001
1.440111940973e-009	1.172322485830e+001
1.850504237203e-009	1.164301383220e+001
2.548780217328e-009	1.148466607890e+001
3.804807846470e-009	1.120756649579e+001
6.268627865435e-009	1.037138052423e+001
8.795435533877e-009	9.400136261850e+000
1.322398604844e-008	7.793665164628e+000
1.773270352350e-008	6.269284238388e+000
2.675013847360e-008	3.627572196996e+000
4.478500837380e-008	6.137594205935e-001
5.623250667487e-008	5.325557548139e-001
6.495061282316e-008	5.083904833811e-001
7.351593800191e-008	4.926858132910e-001
9.064658835942e-008	4.711715995296e-001
1.249078890744e-007	4.449892167107e-001
1.743383795789e-007	4.153607286616e-001
2.168140729435e-007	3.841547679384e-001
2.848150729435e-007	3.619873353390e-001
2.848151729435e-007	3.619870069007e-001
2.848153729435e-007	3.619858592169e-001
2.848157729435e-007	3.619806239317e-001
2.848160729435e-007	3.619741296598e-001
2.848161529435e-007	3.619721062887e-001
2.848163129435e-007	3.619680624349e-001
2.848166329435e-007	3.619599927775e-001
2.848172729435e-007	3.619439243963e-001
2.848185529435e-007	3.619120611175e-001
2.848211129435e-007	3.618493532701e-001
2.848262329435e-007	3.617274962488e-001
2.848364729435e-007	3.614949115968e-001
2.848569529435e-007	3.610592041641e-001
2.848979129435e-007	3.602530578997e-001
2.849798329435e-007	3.587899670197e-001
2.851436729434e-007	3.563468382865e-001
2.854713529434e-007	3.531341678204e-001
2.861267129434e-007	3.505657890034e-001
2.868906745583e-007	3.503140407315e-001
2.880499673968e-007	3.505196274910e-001
2.897271111913e-007	3.506843553281e-001
2.930813987802e-007	3.514914442544e-001
2.997899739581e-007	3.529516973659e-001
3.132071243137e-007	3.561490250989e-001
3.400414250251e-007	3.631408044147e-001
3.729373785295e-007	3.811492410633e-001
4.802745813750e-007	4.940551731658e-001
5.577929012723e-007	1.061870021686e+001
6.206772129384e-007	9.564512727311e+000
6.575447042664e-007	1.026580320081e+001
7.031524087463e-007	9.811256179566e+000
7.566772129384e-007	1.015109605623e+001
7.566773129384e-007	1.015113930786e+001
7.566775129384e-007	1.015139641832e+001
7.566779129384e-007	1.015293318429e+001
7.566782129384e-007	1.015497878263e+001
7.566782929384e-007	1.015562589661e+001
7.566784529384e-007	1.015691953013e+001
7.566787729384e-007	1.015950374729e+001
7.566794129384e-007	1.016465975214e+001
7.566806929384e-007	1.017492061471e+001
7.566832529384e-007	1.019523136388e+001
7.566883729384e-007	1.023499665753e+001
7.566986129384e-007	1.031118834649e+001
7.567190929384e-007	1.045128689110e+001
7.567600529384e-007	1.068996900425e+001
7.568419729384e-007	1.104385214105e+001
7.570058129384e-007	1.145740405263e+001
7.572902231110e-007	1.174824386446e+001
7.575920284674e-007	1.182039576115e+001
7.579274608679e-007	1.180207605291e+001
7.582570018731e-007	1.174500483770e+001
7.587213194120e-007	1.164247463620e+001
7.595466012630e-007	1.144789874404e+001
7.610555205859e-007	1.109461288661e+001
7.637494998894e-007	1.012806504336e+001
7.655059712500e-007	9.095786922044e+000
7.708743400691e-007	7.192676878154e+000
7.758539579381e-007	5.569250865113e+000
7.858131936761e-007	2.842214562534e+000
8.019319964597e-007	5.959334181059e-001
8.122937309766e-007	5.317647352777e-001
8.192186752193e-007	5.116619327212e-001
8.259915435969e-007	4.976324660715e-001
8.395372803521e-007	4.778832657629e-001
8.666287538625e-007	4.536266182877e-001
8.796909548562e-007	4.252902220568e-001
9.880568488977e-007	3.947975162080e-001
1.182216732016e-006	3.631378812419e-001
1.192057848898e-006	3.621372969127e-001
1.192057948898e-006	3.621370874084e-001
1.192058148898e-006	3.621361774610e-001
1.192058548898e-006	3.621314169225e-001
1.192058848898e-006	3.621252780602e-001
1.192058928898e-006	3.621233489578e-001
1.192059088898e-006	3.621194927726e-001
1.192059408898e-006	3.621117933152e-001
1.192060048898e-006	3.620964452728e-001
1.192061328898e-006	3.620659461594e-001
1.192063888898e-006	3.620056875770e-001
1.192069008898e-006	3.618877938845e-001
1.192079248898e-006	3.616604396892e-001
1.192099728898e-006	3.612291492392e-001
1.192140688898e-006	3.604228869579e-001
1.192222608898e-006	3.589537376262e-001
1.192386448898e-006	3.564998643132e-001
1.192714128898e-006	3.532707755737e-001
1.193369488898e-006	3.506871331462e-001
1.194131196804e-006	3.504332086234e-001
1.195288251542e-006	3.506379151775e-001
1.196959372300e-006	3.508012240699e-001
1.200301613817e-006	3.516074321593e-001
1.206986096850e-006	3.530659283311e-001
1.220355062917e-006	3.562591191880e-001
1.247092995050e-006	3.632411254698e-001
1.300568859317e-006	3.812172231238e-001
1.407520587851e-006	4.931678280397e-001
1.476261520321e-006	1.060467994415e+001
1.539011778433e-006	9.574112860613e+000
1.566941693328e-006	1.026068415517e+001
1.612518566345e-006	9.814349372894e+000
1.667011778433e-006	1.014954148119e+001
1.667011878433e-006	1.014958499523e+001
1.667012078433e-006	1.014984261074e+001
1.667012478433e-006	1.015138026893e+001
1.667012778433e-006	1.015342643394e+001
1.667012858433e-006	1.015407368694e+001
1.667013018433e-006	1.015536759759e+001
1.667013338433e-006	1.015795236401e+001
1.667013978433e-006	1.016310944973e+001
1.667015258433e-006	1.017337241805e+001
1.667017818433e-006	1.019368722944e+001
1.667022938433e-006	1.023346032243e+001
1.667033178433e-006	1.030966690476e+001
1.667053658433e-006	1.044979314479e+001
1.667094618433e-006	1.068852389491e+001
1.667176538433e-006	1.104248503565e+001
1.667340378433e-006	1.145615040827e+001
1.667624683563e-006	1.174706574561e+001
1.667926425446e-006	1.181937545664e+001
1.668261631038e-006	1.180121044804e+001
1.668590757003e-006	1.174432147941e+001
1.669054944385e-006	1.164192458669e+001
1.669880354564e-006	1.144741514002e+001
1.671388611071e-006	1.109424589071e+001
1.674083946892e-006	1.012707382171e+001
1.676769416091e-006	9.094326485140e+000
1.682135014809e-006	7.192290548328e+000
1.686241618803e-006	5.567746836630e+000
1.696208354039e-006	2.839285622676e+000
1.712317225411e-006	5.959056856139e-001
1.722674539627e-006	5.317731485351e-001
1.729592505756e-006	5.116853800890e-001
1.736365980483e-006	4.976497600721e-001
1.749912929938e-006	4.778934619488e-001
1.777006828846e-006	4.536309570285e-001
1.782066440701e-006	4.252904456871e-001
1.890442036336e-006	3.947953979679e-001
2.076628435096e-006	3.631347326305e-001
2.086443036336e-006	3.621369627445e-001
2.086443136336e-006	3.621367531674e-001
2.086443336336e-006	3.621358430845e-001
2.086443736336e-006	3.621310822662e-001
2.086444036336e-006	3.621249431932e-001
2.086444116336e-006	3.621230140339e-001
2.086444276336e-006	3.621191577369e-001
2.086444596336e-006	3.621114580617e-001
2.086445236336e-006	3.620961095954e-001
2.086446516336e-006	3.620656096733e-001
2.086449076336e-006	3.620053496311e-001
2.086454196336e-006	3.618874535511e-001
2.086464436336e-006	3.616600961425e-001
2.086484916336e-006	3.612288028623e-001
2.086525876336e-006	3.604225404383e-001
2.086607796336e-006	3.589533945747e-001
2.086771636336e-006	3.564995273502e-001
2.087099316336e-006	3.532704477615e-001
2.087754676336e-006	3.506868134385e-001
2.088516385520e-006	3.504328893153e-001
2.089673441521e-006	3.506375950785e-001
2.091344565687e-006	3.508009028694e-001
2.094686814020e-006	3.516071075396e-001
2.101371310684e-006	3.530655964918e-001
2.114740304013e-006	3.562587716040e-001
2.141478290672e-006	3.632407388406e-001
2.194954263989e-006	3.812167095281e-001
2.301906210624e-006	4.931636028299e-001
2.362648461845e-006	1.060463669034e+001
2.425399133461e-006	9.574140800802e+000
2.445330953658e-006	1.026066959184e+001
2.490908122689e-006	9.814358077186e+000
2.545399133461e-006	1.014953406010e+001
2.545399233461e-006	1.014957757532e+001
2.545399433461e-006	1.014983519309e+001
2.545399833461e-006	1.015137285521e+001
2.545400133461e-006	1.015341902264e+001
2.545400213461e-006	1.015406627622e+001
2.545400373461e-006	1.015536018803e+001
2.545400693461e-006	1.015794495676e+001
2.545401333461e-006	1.016310204703e+001
2.545402613461e-006	1.017336502422e+001
2.545405173461e-006	1.019367985278e+001
2.545410293461e-006	1.023345297885e+001
2.545420533461e-006	1.030965962454e+001
2.545441013461e-006	1.044978598302e+001
2.545481973461e-006	1.068851694320e+001
2.545563893461e-006	1.104247842706e+001
2.545727733461e-006	1.145614431397e+001
2.546012038087e-006	1.174705999925e+001
2.546313779666e-006	1.181937046843e+001
2.546648984154e-006	1.180120620842e+001
2.546978108084e-006	1.174431812877e+001
2.547442294849e-006	1.164192188259e+001
2.548267705705e-006	1.144741275004e+001
2.549775959069e-006	1.109424403303e+001
2.552471301736e-006	1.012706881375e+001
2.555156777419e-006	9.094319108555e+000
2.560522343623e-006	7.192294901127e+000
2.565505731537e-006	5.567744566482e+000
2.571579105442e-006	2.839274277966e+000
2.587687941837e-006	5.959055353375e-001
2.598045241430e-006	5.317731592942e-001
2.604963180093e-006	5.116854575093e-001
2.611736659326e-006	4.976498137869e-001
2.625283617794e-006	4.778934874829e-001
2.652377534728e-006	4.536309593796e-001
2.706565368598e-006	4.252904315885e-001
2.812000673397e-006	3.947953747101e-001
2.990187313674e-006	3.631347052551e-001
3.000001673397e-006	3.621369611393e-001
3.000001773397e-006	3.621367515611e-001
3.000001973397e-006	3.621358414783e-001
3.000002373397e-006	3.621310806590e-001
3.000002673397e-006	3.621249415845e-001
3.000002753397e-006	3.621230124247e-001
3.000002913397e-006	3.621191561250e-001
3.000003233397e-006	3.621114564534e-001
3.000003873397e-006	3.620961079840e-001
3.000005153397e-006	3.620656080573e-001
3.000007713397e-006	3.620053480090e-001
3.000012833397e-006	3.618874519186e-001
3.000023073397e-006	3.616600944957e-001
3.000043553397e-006	3.612288012031e-001
3.000084513397e-006	3.604225387790e-001
3.000166433397e-006	3.589533929322e-001
3.000330273397e-006	3.564995257373e-001
3.000657953397e-006	3.532704461931e-001
3.001313313397e-006	3.506868119095e-001
3.002075022587e-006	3.504328877884e-001
3.003232078594e-006	3.506375935479e-001
3.004903202777e-006	3.508009013335e-001
3.008245451142e-006	3.516071059875e-001
3.014929947873e-006	3.530655949054e-001
3.028298941335e-006	3.562587699428e-001
3.055036928258e-006	3.632407369939e-001
3.108512902104e-006	3.812167070783e-001
3.215464849796e-006	4.931635827481e-001
3.268207107345e-006	1.060463648519e+001
3.330957780939e-006	9.574140933292e+000
3.342889610267e-006	1.026066952279e+001
3.388466780711e-006	9.814358118456e+000
3.442957780939e-006	1.014953402485e+001
3.442957880939e-006	1.014957754007e+001
3.442958080939e-006	1.014983515785e+001
3.442958480939e-006	1.015137282000e+001
3.442958780939e-006	1.015341898744e+001
3.442958860939e-006	1.015406624102e+001
3.442959020939e-006	1.015536015284e+001
3.442959340939e-006	1.015794492158e+001
3.442959980939e-006	1.016310201187e+001
3.442961260939e-006	1.017336498911e+001
3.442963820939e-006	1.019367981776e+001
3.442968940939e-006	1.023345294400e+001
3.442979180939e-006	1.030965959002e+001
3.442999660939e-006	1.044978594911e+001
3.443040620939e-006	1.068851691037e+001
3.443122540939e-006	1.104247839592e+001
3.443286380939e-006	1.145614428527e+001
3.443570685562e-006	1.174705997201e+001
3.443872427139e-006	1.181937044475e+001
3.444207631622e-006	1.180120618826e+001
3.444536755543e-006	1.174431811282e+001
3.445000942304e-006	1.164192186969e+001
3.445826353164e-006	1.144741273857e+001
3.447334606514e-006	1.109424402397e+001
3.450029949214e-006	1.012706878938e+001
3.452715424929e-006	9.094319072685e+000
3.458080990976e-006	7.192294921594e+000
3.463064378989e-006	5.567744554893e+000
3.473031155015e-006	2.839274222512e+000
3.487213365315e-006	5.959055346079e-001
3.497570664836e-006	5.317731593497e-001
3.504488603364e-006	5.116854578897e-001
3.511262082620e-006	4.976498140513e-001
3.524809041130e-006	4.778934876095e-001
3.551902958152e-006	4.536309593929e-001
3.606090792196e-006	4.252904315214e-001
3.703526097465e-006	3.947953745981e-001
3.873712738908e-006	3.631347051230e-001
3.883527097465e-006	3.621369611326e-001
3.883527197465e-006	3.621367515551e-001
3.883527397465e-006	3.621358414700e-001
3.883527797465e-006	3.621310806511e-001
3.883528097465e-006	3.621249415786e-001
3.883528177465e-006	3.621230124204e-001
3.883528337465e-006	3.621191561236e-001
3.883528657465e-006	3.621114564460e-001
3.883529297465e-006	3.620961079765e-001
3.883530577465e-006	3.620656080508e-001
3.883533137465e-006	3.620053480020e-001
3.883538257465e-006	3.618874519115e-001
3.883548497465e-006	3.616600944886e-001
3.883568977465e-006	3.612288011957e-001
3.883609937465e-006	3.604225387713e-001
3.883691857465e-006	3.589533929240e-001
3.883855697465e-006	3.564995257283e-001
3.884183377465e-006	3.532704461838e-001
3.884838737465e-006	3.506868119013e-001
3.885600446654e-006	3.504328877808e-001
3.886757502662e-006	3.506375935403e-001
3.888428626846e-006	3.508009013263e-001
3.891770875213e-006	3.516071059805e-001
3.898455371946e-006	3.530655948988e-001
3.911824365413e-006	3.562587699370e-001
3.938562352347e-006	3.632407369902e-001
3.992038326214e-006	3.812167070814e-001
4.098990273949e-006	4.931635829504e-001
4.143732531568e-006	1.060463648798e+001
4.206483205169e-006	9.574140931426e+000
4.210415034576e-006	1.026066952378e+001
4.255992205017e-006	9.814358117863e+000
4.310483205169e-006	1.014953402521e+001
4.310483305169e-006	1.014957754044e+001
4.310483505169e-006	1.014983515822e+001
4.310483905169e-006	1.015137282036e+001
4.310484205169e-006	1.015341898781e+001
4.310484285169e-006	1.015406624139e+001
4.310484445169e-006	1.015536015321e+001
4.310484765169e-006	1.015794492195e+001
4.310485405169e-006	1.016310201224e+001
4.310486685169e-006	1.017336498948e+001
4.310489245169e-006	1.019367981813e+001
4.310494365169e-006	1.023345294436e+001
4.310504605169e-006	1.030965959038e+001
4.310525085169e-006	1.044978594947e+001
4.310566045169e-006	1.068851691071e+001
4.310647965169e-006	1.104247839625e+001
4.310811805169e-006	1.145614428557e+001
4.311096109793e-006	1.174705997229e+001
4.311397851370e-006	1.181937044500e+001
4.311733055853e-006	1.180120618847e+001
4.312062179773e-006	1.174431811299e+001
4.312526366535e-006	1.164192186983e+001
4.313351777394e-006	1.144741273869e+001
4.314860030745e-006	1.109424402406e+001
4.317555373445e-006	1.012706878963e+001
4.320240849159e-006	9.094319073054e+000
4.325606415208e-006	7.192294921374e+000
4.330589803220e-006	5.567744555005e+000
4.340556579243e-006	2.839274223079e+000
4.346738789543e-006	5.959055346158e-001
4.357096089065e-006	5.317731593492e-001
4.364014027595e-006	5.116854578858e-001
4.370787506850e-006	4.976498140486e-001
4.384334465360e-006	4.778934876083e-001
4.411428382381e-006	4.536309593929e-001
4.465616216423e-006	4.252904315222e-001
4.555051521686e-006	3.947953745994e-001
4.717238163116e-006	3.631347051246e-001
4.727052521686e-006	3.621369611326e-001
4.727052621686e-006	3.621367515562e-001
4.727052821686e-006	3.621358414707e-001
4.727053221686e-006	3.621310806505e-001
4.727053521686e-006	3.621249415773e-001
4.727053601686e-006	3.621230124235e-001
4.727053761686e-006	3.621191561227e-001
4.727054081686e-006	3.621114564442e-001
4.727054721686e-006	3.620961079773e-001
4.727056001686e-006	3.620656080510e-001
4.727058561686e-006	3.620053480023e-001
4.727063681686e-006	3.618874519118e-001
4.727073921686e-006	3.616600944887e-001
4.727094401686e-006	3.612288011958e-001
4.727135361686e-006	3.604225387714e-001
4.727217281686e-006	3.589533929241e-001
4.727381121686e-006	3.564995257284e-001
4.727708801686e-006	3.532704461839e-001
4.728364161686e-006	3.506868119014e-001
4.729125870876e-006	3.504328877809e-001
4.730282926884e-006	3.506375935404e-001
4.731954051067e-006	3.508009013264e-001
4.735296299434e-006	3.516071059805e-001
4.741980796167e-006	3.530655948988e-001
4.755349789634e-006	3.562587699371e-001
4.782087776568e-006	3.632407369903e-001
4.835563750435e-006	3.812167070813e-001
4.942515698169e-006	4.931635829472e-001
4.979257955788e-006	1.060463648794e+001
5.042008629389e-006	9.574140931452e+000
5.082447527575e-006	1.026066952377e+001
5.123956527422e-006	9.814358117872e+000
5.178447527575e-006	1.014953402521e+001
5.178447627575e-006	1.014957754043e+001
5.178447827575e-006	1.014983515821e+001
5.178448227575e-006	1.015137282036e+001
5.178448527575e-006	1.015341898780e+001
5.178448607575e-006	1.015406624138e+001
5.178448767575e-006	1.015536015320e+001
5.178449087575e-006	1.015794492194e+001
5.178449727575e-006	1.016310201224e+001
5.178451007575e-006	1.017336498949e+001
5.178453567575e-006	1.019367981815e+001
5.178458687575e-006	1.023345294442e+001
5.178468927575e-006	1.030965959050e+001
5.178489407575e-006	1.044978594969e+001
5.178530367575e-006	1.068851691107e+001
5.178612287575e-006	1.104247839673e+001
5.178776127575e-006	1.145614428606e+001
5.179060432199e-006	1.174705997239e+001
5.179362173776e-006	1.181937044500e+001
5.179697378259e-006	1.180120618843e+001
5.180026502179e-006	1.174431811292e+001
5.180490688941e-006	1.164192186972e+001
5.181316099801e-006	1.144741273847e+001
5.182824353152e-006	1.109424402358e+001
5.185519695854e-006	1.012706878847e+001
5.188205171569e-006	9.094319071400e+000
5.193570737615e-006	7.192294920971e+000
5.198554125631e-006	5.567744553412e+000
5.208520901662e-006	2.839274219969e+000
5.224629737877e-006	5.959055345853e-001
5.233169247697e-006	5.317731593579e-001
5.240087186219e-006	5.116854579107e-001
5.246860665475e-006	4.976498140669e-001
5.260407623987e-006	4.778934876189e-001
5.287501541011e-006	4.536309593972e-001
5.341689375058e-006	4.252904315221e-001
5.423124680333e-006	3.947953745968e-001
5.577311321797e-006	3.631347051208e-001
5.587125680333e-006	3.621369611326e-001
5.587125780333e-006	3.621367515590e-001
5.587125980333e-006	3.621358414698e-001
5.587126380333e-006	3.621310806507e-001
5.587126680333e-006	3.621249415794e-001
5.587126760333e-006	3.621230124187e-001
5.587126920333e-006	3.621191561168e-001
5.587127240333e-006	3.621114564454e-001
5.587127880333e-006	3.620961079762e-001
5.587129160333e-006	3.620656080505e-001
5.587131720333e-006	3.620053480022e-001
5.587136840333e-006	3.618874519116e-001
5.587147080333e-006	3.616600944886e-001
5.587167560333e-006	3.612288011957e-001
5.587208520333e-006	3.604225387713e-001
5.587290440333e-006	3.589533929240e-001
5.587454280333e-006	3.564995257283e-001
5.587781960333e-006	3.532704461838e-001
5.588437320333e-006	3.506868119013e-001
5.589199029523e-006	3.504328877808e-001
5.590356085531e-006	3.506375935404e-001
5.592027209714e-006	3.508009013264e-001
5.595369458081e-006	3.516071059805e-001
5.602053954814e-006	3.530655948988e-001
5.615422948281e-006	3.562587699370e-001
5.642160935215e-006	3.632407369902e-001
5.695636909082e-006	3.812167070811e-001
5.802588856816e-006	4.931635829449e-001
5.831331114434e-006	1.060463648790e+001
5.894081788035e-006	9.574140931479e+000
5.934520686221e-006	1.026066952375e+001
5.968029686068e-006	9.814358117880e+000
6.022520686221e-006	1.014953402520e+001
6.022520786221e-006	1.014957754043e+001
6.022520986221e-006	1.014983515821e+001
6.022521386221e-006	1.015137282035e+001
6.022521686221e-006	1.015341898779e+001
6.022521766221e-006	1.015406624138e+001
6.022521926221e-006	1.015536015320e+001
6.022522246221e-006	1.015794492194e+001
6.022522886221e-006	1.016310201223e+001
6.022524166221e-006	1.017336498947e+001
6.022526726221e-006	1.019367981811e+001
6.022531846221e-006	1.023345294435e+001
6.022542086221e-006	1.030965959037e+001
6.022562566221e-006	1.044978594946e+001
6.022603526221e-006	1.068851691070e+001
6.022685446221e-006	1.104247839624e+001
6.022849286221e-006	1.145614428557e+001
6.023133590845e-006	1.174705997228e+001
6.023435332422e-006	1.181937044499e+001
6.023770536905e-006	1.180120618847e+001
6.024099660825e-006	1.174431811299e+001
6.024563847587e-006	1.164192186982e+001
6.025389258447e-006	1.144741273869e+001
6.026897511797e-006	1.109424402406e+001
6.029592854497e-006	1.012706878963e+001
6.032278330211e-006	9.094319073048e+000
6.037643896260e-006	7.192294921385e+000
6.042627284272e-006	5.567744555009e+000
6.052594060295e-006	2.839274223074e+000
6.068702896521e-006	5.959055346158e-001
6.069242406343e-006	5.317731593492e-001
6.076160344872e-006	5.116854578858e-001
6.082933824128e-006	4.976498140486e-001
6.096480782638e-006	4.778934876083e-001
6.123574699659e-006	4.536309593928e-001
6.177762533701e-006	4.252904315222e-001
6.251197838964e-006	3.947953745994e-001
6.397384480393e-006	3.631347051246e-001
6.407198838963e-006	3.621369611326e-001
6.407198938963e-006	3.621367515580e-001
6.407199138963e-006	3.621358414704e-001
6.407199538963e-006	3.621310806516e-001
6.407199838963e-006	3.621249415789e-001
6.407199918964e-006	3.621230124192e-001
6.407200078963e-006	3.621191561243e-001
6.407200398964e-006	3.621114564443e-001
6.407201038964e-006	3.620961079768e-001
6.407202318964e-006	3.620656080508e-001
6.407204878964e-006	3.620053480027e-001
6.407209998964e-006	3.618874519117e-001
6.407220238964e-006	3.616600944888e-001
6.407240718964e-006	3.612288011958e-001
6.407281678964e-006	3.604225387714e-001
6.407363598964e-006	3.589533929241e-001
6.407527438964e-006	3.564995257284e-001
6.407855118964e-006	3.532704461839e-001
6.408510478964e-006	3.506868119014e-001
6.409272188153e-006	3.504328877809e-001
6.410429244161e-006	3.506375935404e-001
6.412100368345e-006	3.508009013264e-001
6.415442616711e-006	3.516071059805e-001
6.422127113445e-006	3.530655948988e-001
6.435496106911e-006	3.562587699370e-001
6.462234093845e-006	3.632407369901e-001
6.515710067711e-006	3.812167070809e-001
6.622662015445e-006	4.931635829391e-001
6.643404273062e-006	1.060463648782e+001
6.706154946662e-006	9.574140931532e+000
6.746593844849e-006	1.026066952373e+001
6.772102844694e-006	9.814358117897e+000
6.826593844849e-006	1.014953402519e+001
6.826593944849e-006	1.014957754042e+001
6.826594144849e-006	1.014983515820e+001
6.826594544849e-006	1.015137282034e+001
6.826594844849e-006	1.015341898778e+001
6.826594924849e-006	1.015406624136e+001
6.826595084849e-006	1.015536015318e+001
6.826595404849e-006	1.015794492191e+001
6.826596044849e-006	1.016310201220e+001
6.826597324849e-006	1.017336498943e+001
6.826599884849e-006	1.019367981806e+001
6.826605004849e-006	1.023345294427e+001
6.826615244849e-006	1.030965959023e+001
6.826635724849e-006	1.044978594922e+001
6.826676684849e-006	1.068851691032e+001
6.826758604849e-006	1.104247839573e+001
6.826922444849e-006	1.145614428507e+001
6.827206749472e-006	1.174705997217e+001
6.827508491049e-006	1.181937044497e+001
6.827843695532e-006	1.180120618850e+001
6.828172819452e-006	1.174431811305e+001
6.828637006214e-006	1.164192186993e+001
6.829462417073e-006	1.144741273891e+001
6.830970670423e-006	1.109424402454e+001
6.833666013121e-006	1.012706879079e+001
6.836351488834e-006	9.094319074703e+000
6.841717054886e-006	7.192294921806e+000
6.846700442894e-006	5.567744556617e+000
6.856667218910e-006	2.839274226193e+000
6.872776055146e-006	5.959055346457e-001
6.883133354673e-006	5.317731593404e-001
6.890051293210e-006	5.116854578610e-001
6.896282220825e-006	4.976498140304e-001
6.909829179334e-006	4.778934875976e-001
6.936923096352e-006	4.536309593884e-001
6.991110930389e-006	4.252904315221e-001
7.056546235640e-006	3.947953746018e-001
7.194732877038e-006	3.631347051281e-001
7.198733877038e-006	3.621369611327e-001
7.198733977038e-006	3.621367515580e-001
7.198734177038e-006	3.621358414709e-001
7.198734577038e-006	3.621310806533e-001
7.198734877038e-006	3.621249415785e-001
7.198734957038e-006	3.621230124231e-001
7.198735117038e-006	3.621191561220e-001
7.198735437038e-006	3.621114564464e-001
7.198736077038e-006	3.620961079760e-001
7.198737357038e-006	3.620656080512e-001
7.198739917038e-006	3.620053480025e-001
7.198745037038e-006	3.618874519116e-001
7.198755277038e-006	3.616600944884e-001
7.198775757038e-006	3.612288011952e-001
7.198816717038e-006	3.604225387702e-001
7.198898637038e-006	3.589533929218e-001
7.199062477038e-006	3.564995257249e-001
7.199390157038e-006	3.532704461801e-001
7.200045517039e-006	3.506868118998e-001
7.200807226229e-006	3.504328877806e-001
7.201964282237e-006	3.506375935404e-001
7.203635406422e-006	3.508009013272e-001
7.206977654792e-006	3.516071059819e-001
7.213662151530e-006	3.530655949015e-001
7.227031145008e-006	3.562587699426e-001
7.253769131964e-006	3.632407370027e-001
7.307245105874e-006	3.812167071166e-001
7.382709282532e-006	4.931635836494e-001
7.395451540241e-006	1.060463649676e+001
7.458202213837e-006	9.574140925599e+000
7.498641112014e-006	1.026066952685e+001
7.516150111915e-006	9.814358116020e+000
7.570641112014e-006	1.014953402647e+001
7.570641212014e-006	1.014957754169e+001
7.570641412014e-006	1.014983515947e+001
7.570641812014e-006	1.015137282161e+001
7.570642112014e-006	1.015341898905e+001
7.570642192014e-006	1.015406624263e+001
7.570642352014e-006	1.015536015445e+001
7.570642672014e-006	1.015794492319e+001
7.570643312014e-006	1.016310201347e+001
7.570644592014e-006	1.017336499070e+001
7.570647152014e-006	1.019367981933e+001
7.570652272014e-006	1.023345294553e+001
7.570662512014e-006	1.030965959148e+001
7.570682992014e-006	1.044978595045e+001
7.570723952014e-006	1.068851691152e+001
7.570805872014e-006	1.104247839687e+001
7.570969712014e-006	1.145614428612e+001
7.571254016637e-006	1.174705997316e+001
7.571555758214e-006	1.181937044583e+001
7.571890962698e-006	1.180120618923e+001
7.572220086618e-006	1.174431811363e+001
7.572684273380e-006	1.164192187039e+001
7.573509684239e-006	1.144741273932e+001
7.575017937589e-006	1.109424402486e+001
7.577713280286e-006	1.012706879165e+001
7.580398755998e-006	9.094319075973e+000
7.585764322056e-006	7.192294921058e+000
7.590747710060e-006	5.567744557009e+000
7.600714486069e-006	2.839274228146e+000
7.616823322311e-006	5.959055346717e-001
7.627180621840e-006	5.317731593385e-001
7.634098560382e-006	5.116854578475e-001
7.640872039636e-006	4.976498140210e-001
7.652649925765e-006	4.778934875932e-001
7.679743842781e-006	4.536309593880e-001
7.733931676811e-006	4.252904315246e-001
7.791366982045e-006	3.947953746059e-001
7.921553623401e-006	3.631347051328e-001
7.931367982045e-006	3.621369611330e-001
7.931368082045e-006	3.621367515586e-001
7.931368282045e-006	3.621358414682e-001
7.931368682045e-006	3.621310806518e-001
7.931368982045e-006	3.621249415797e-001
7.931369062045e-006	3.621230124190e-001
7.931369222045e-006	3.621191561225e-001
7.931369542045e-006	3.621114564450e-001
7.931370182045e-006	3.620961079775e-001
7.931371462045e-006	3.620656080510e-001
7.931374022045e-006	3.620053480027e-001
7.931379142045e-006	3.618874519119e-001
7.931389382045e-006	3.616600944886e-001
7.931409862045e-006	3.612288011954e-001
7.931450822046e-006	3.604225387704e-001
7.931532742046e-006	3.589533929220e-001
7.931696582046e-006	3.564995257251e-001
7.932024262046e-006	3.532704461803e-001
7.932679622047e-006	3.506868119000e-001
7.933441331237e-006	3.504328877808e-001
7.934598387245e-006	3.506375935407e-001
7.935500916630e-006	3.508009013274e-001
7.938843164999e-006	3.516071059821e-001
7.945527661738e-006	3.530655949017e-001
7.958896655216e-006	3.562587699428e-001
7.985634642171e-006	3.632407370030e-001
8.039110616081e-006	3.812167071168e-001
8.106574792738e-006	4.931635836490e-001
8.111317050445e-006	1.060463649674e+001
8.174067724040e-006	9.574140925612e+000
8.214506622217e-006	1.026066952685e+001
8.224015622116e-006	9.814358116025e+000
8.278506622217e-006	1.014953402720e+001
8.278506722217e-006	1.014957754243e+001
8.278506922217e-006	1.014983516021e+001
8.278507322217e-006	1.015137282235e+001
8.278507622217e-006	1.015341898976e+001
8.278507702217e-006	1.015406624334e+001
8.278507862217e-006	1.015536015516e+001
8.278508182217e-006	1.015794492388e+001
8.278508822217e-006	1.016310201414e+001
8.278510102217e-006	1.017336499132e+001
8.278512662217e-006	1.019367981985e+001
8.278517782217e-006	1.023345294586e+001
8.278528022217e-006	1.030965959145e+001
8.278548502217e-006	1.044978594980e+001
8.278589462217e-006	1.068851690990e+001
8.278671382217e-006	1.104247839408e+001
8.278835222217e-006	1.145614428247e+001
8.279119526840e-006	1.174705996988e+001
8.279421268417e-006	1.181937044280e+001
8.279756472900e-006	1.180120618654e+001
8.280085596819e-006	1.174431811148e+001
8.280549783581e-006	1.164192186855e+001
8.281375194441e-006	1.144741273754e+001
8.282883447791e-006	1.109424402284e+001
8.285578790495e-006	1.012706878642e+001
8.288264266213e-006	9.094319068357e+000
8.293629832246e-006	7.192294922608e+000
8.298613220270e-006	5.567744552364e+000
8.308579996318e-006	2.839274215254e+000
8.324688832519e-006	5.959055345206e-001
8.335046132030e-006	5.317731593633e-001
8.341964070540e-006	5.116854579447e-001
8.348737549798e-006	4.976498140904e-001
8.352515435894e-006	4.778934876299e-001
8.379609352926e-006	4.536309593980e-001
8.433797186989e-006	4.252904315156e-001
8.483232492308e-006	3.947953745863e-001
8.605419133880e-006	3.631347051085e-001
8.615233492308e-006	3.621369611318e-001
8.615233592308e-006	3.621367515547e-001
8.615233792308e-006	3.621358414675e-001
8.615234192308e-006	3.621310806519e-001
8.615234492308e-006	3.621249415794e-001
8.615234572308e-006	3.621230124168e-001
8.615234732308e-006	3.621191561175e-001
8.615235052308e-006	3.621114564437e-001
8.615235692308e-006	3.620961079769e-001
8.615236972308e-006	3.620656080497e-001
8.615239532308e-006	3.620053480015e-001
8.615244652308e-006	3.618874519107e-001
8.615254892308e-006	3.616600944874e-001
8.615275372308e-006	3.612288011941e-001
8.615316332308e-006	3.604225387692e-001
8.615398252308e-006	3.589533929208e-001
8.615562092308e-006	3.564995257239e-001
8.615889772309e-006	3.532704461792e-001
8.616545132309e-006	3.506868118989e-001
8.617306841499e-006	3.504328877797e-001
8.618463897508e-006	3.506375935396e-001
8.620135021693e-006	3.508009013263e-001
8.623477270062e-006	3.516071059810e-001
8.626406544555e-006	3.530655949006e-001
8.639775538033e-006	3.562587699417e-001
8.666513524988e-006	3.632407370017e-001
8.719989498899e-006	3.812167071151e-001
8.779453675558e-006	4.931635836364e-001
8.860731756611e-006	1.060463649662e+001
8.920224687920e-006	9.574140925690e+000
8.960663586097e-006	1.026066952680e+001
8.962172586004e-006	9.814358116049e+000
9.016663586097e-006	1.014953402644e+001
9.016663686097e-006	1.014957754167e+001
9.016663886097e-006	1.014983515945e+001
9.016664286097e-006	1.015137282159e+001
9.016664586097e-006	1.015341898903e+001
9.016664666097e-006	1.015406624261e+001
9.016664826097e-006	1.015536015443e+001
9.016665146097e-006	1.015794492316e+001
9.016665786097e-006	1.016310201345e+001
9.016667066097e-006	1.017336499068e+001
9.016669626097e-006	1.019367981931e+001
9.016674746097e-006	1.023345294551e+001
9.016684986097e-006	1.030965959146e+001
9.016705466097e-006	1.044978595042e+001
9.016746426097e-006	1.068851691149e+001
9.016828346097e-006	1.104247839685e+001
9.016992186097e-006	1.145614428610e+001
9.017276490721e-006	1.174705997314e+001
9.017578232298e-006	1.181937044581e+001
9.017913436781e-006	1.180120618922e+001
9.018242560702e-006	1.174431811362e+001
9.018706747463e-006	1.164192187038e+001
9.019532158322e-006	1.144741273931e+001
9.021040411672e-006	1.109424402485e+001
9.023735754370e-006	1.012706879164e+001
9.026421230082e-006	9.094319075948e+000
9.031786796139e-006	7.192294921070e+000
9.036770184143e-006	5.567744556999e+000
9.046736960153e-006	2.839274228106e+000
9.062845796394e-006	5.959055346711e-001
9.073203095924e-006	5.317731593386e-001
9.080121034465e-006	5.116854578479e-001
9.086894513719e-006	4.976498140213e-001
9.100441472227e-006	4.778934875933e-001
9.123313275371e-006	4.536309593880e-001
9.177501109401e-006	4.252904315245e-001
9.218936414637e-006	3.947953746058e-001
9.333123055993e-006	3.631347051327e-001
9.342937414637e-006	3.621369611330e-001
9.342937514637e-006	3.621367515541e-001
9.342937714637e-006	3.621358414695e-001
9.342938114637e-006	3.621310806532e-001
9.342938414637e-006	3.621249415778e-001
9.342938494637e-006	3.621230124166e-001
9.342938654637e-006	3.621191561220e-001
9.342938974637e-006	3.621114564457e-001
9.342939614637e-006	3.620961079765e-001
9.342940894637e-006	3.620656080515e-001
9.342943454637e-006	3.620053480026e-001
9.342948574637e-006	3.618874519118e-001
9.342958814637e-006	3.616600944886e-001
9.342979294637e-006	3.612288011954e-001
9.343020254637e-006	3.604225387704e-001
9.343102174637e-006	3.589533929220e-001
9.343266014637e-006	3.564995257251e-001
9.343593694637e-006	3.532704461803e-001
9.344249054638e-006	3.506868119001e-001
9.345010763828e-006	3.504328877808e-001
9.346167819837e-006	3.506375935407e-001
9.347838944021e-006	3.508009013275e-001
9.351181192391e-006	3.516071059821e-001
9.357865689129e-006	3.530655949018e-001
9.366163957100e-006	3.562587699428e-001
9.392901944055e-006	3.632407370030e-001
9.446377917966e-006	3.812167071168e-001
9.497842094623e-006	4.931635836499e-001
9.579120175673e-006	1.060463649677e+001
9.630613106976e-006	9.574140925595e+000
9.671052005154e-006	1.026066952685e+001
9.716629175573e-006	9.814358116019e+000
9.764629175573e-006	1.014953402647e+001
9.764629275573e-006	1.014957754169e+001
9.764629475573e-006	1.014983515947e+001
9.764629875573e-006	1.015137282162e+001
9.764630175573e-006	1.015341898905e+001
9.764630255573e-006	1.015406624263e+001
9.764630415573e-006	1.015536015445e+001
9.764630735573e-006	1.015794492319e+001
9.764631375573e-006	1.016310201348e+001
9.764632655573e-006	1.017336499070e+001
9.764635215573e-006	1.019367981933e+001
9.764640335573e-006	1.023345294553e+001
9.764650575573e-006	1.030965959148e+001
9.764671055573e-006	1.044978595045e+001
9.764712015573e-006	1.068851691152e+001
9.764793935573e-006	1.104247839687e+001
9.764957775573e-006	1.145614428612e+001
9.765242080197e-006	1.174705997316e+001
9.765543821774e-006	1.181937044583e+001
9.765879026257e-006	1.180120618923e+001
9.766208150178e-006	1.174431811363e+001
9.766672336939e-006	1.164192187039e+001
9.767497747798e-006	1.144741273932e+001
9.769006001148e-006	1.109424402486e+001
9.771701343846e-006	1.012706879166e+001
9.774386819558e-006	9.094319075975e+000
9.779752385615e-006	7.192294921056e+000
9.784735773619e-006	5.567744557009e+000
9.794702549628e-006	2.839274228151e+000
9.810811385870e-006	5.959055346720e-001
9.821168685400e-006	5.317731593384e-001
9.828086623942e-006	5.116854578473e-001
9.834860103195e-006	4.976498140209e-001
9.848407061703e-006	4.778934875931e-001
9.863278864847e-006	4.536309593880e-001
9.917466698877e-006	4.252904315246e-001
9.950902004112e-006	3.947953746060e-001
1.005708864547e-005	3.631347051329e-001
1.006690300411e-005	3.621369611330e-001
1.006690310411e-005	3.621367515543e-001
1.006690330411e-005	3.621358414698e-001
1.006690370411e-005	3.621310806514e-001
1.006690400411e-005	3.621249415792e-001
1.006690408411e-005	3.621230124226e-001
1.006690424411e-005	3.621191561200e-001
1.006690456411e-005	3.621114564454e-001
1.006690520411e-005	3.620961079777e-001
1.006690648411e-005	3.620656080511e-001
1.006690904411e-005	3.620053480027e-001
1.006691416411e-005	3.618874519119e-001
1.006692440411e-005	3.616600944886e-001
1.006694488411e-005	3.612288011954e-001
1.006698584411e-005	3.604225387704e-001
1.006706776411e-005	3.589533929220e-001
1.006723160411e-005	3.564995257251e-001
1.006755928411e-005	3.532704461803e-001
1.006821464411e-005	3.506868119001e-001
1.006897635330e-005	3.504328877808e-001
1.007013340931e-005	3.506375935407e-001
1.007180453350e-005	3.508009013275e-001
1.007514678187e-005	3.516071059821e-001
1.008183127860e-005	3.530655949018e-001
1.008212954657e-005	3.562587699428e-001
1.010886753353e-005	3.632407370029e-001
1.016234350744e-005	3.812167071166e-001
1.020580768410e-005	4.931635836459e-001
1.028708576515e-005	1.060463649669e+001
1.033057869645e-005	9.574140925643e+000
1.037101759463e-005	1.026066952683e+001
1.041659476504e-005	9.814358116035e+000
1.045659476504e-005	1.014953402720e+001
1.045659486504e-005	1.014957754242e+001
1.045659506504e-005	1.014983516020e+001
1.045659546504e-005	1.015137282234e+001
1.045659576504e-005	1.015341898976e+001
1.045659584504e-005	1.015406624334e+001
1.045659600504e-005	1.015536015515e+001
1.045659632504e-005	1.015794492387e+001
1.045659696504e-005	1.016310201414e+001
1.045659824504e-005	1.017336499131e+001
1.045660080504e-005	1.019367981984e+001
1.045660592504e-005	1.023345294585e+001
1.045661616504e-005	1.030965959145e+001
1.045663664504e-005	1.044978594979e+001
1.045667760504e-005	1.068851690989e+001
1.045675952504e-005	1.104247839408e+001
1.045692336504e-005	1.145614428247e+001
1.045720766967e-005	1.174705996987e+001
1.045750941124e-005	1.181937044279e+001
1.045784461573e-005	1.180120618654e+001
1.045817373965e-005	1.174431811148e+001
1.045863792641e-005	1.164192186855e+001
1.045946333727e-005	1.144741273754e+001
1.046097159062e-005	1.109424402284e+001
1.046366693332e-005	1.012706878641e+001
1.046635240904e-005	9.094319068345e+000
1.047171797507e-005	7.192294922611e+000
1.047670136310e-005	5.567744552357e+000
1.048666813915e-005	2.839274215234e+000
1.050277697535e-005	5.959055345203e-001
1.051313427486e-005	5.317731593634e-001
1.052005221337e-005	5.116854579449e-001
1.052682569263e-005	4.976498140905e-001
1.054037265114e-005	4.778934876300e-001
1.054724445427e-005	4.536309593980e-001
1.060143228833e-005	4.252904315156e-001
1.062686759365e-005	3.947953745862e-001
1.072505423522e-005	3.631347051084e-001
1.073486859365e-005	3.621369611318e-001
1.073486869365e-005	3.621367515565e-001
1.073486889365e-005	3.621358414677e-001
1.073486929365e-005	3.621310806518e-001
1.073486959365e-005	3.621249415799e-001
1.073486967365e-005	3.621230124155e-001
1.073486983365e-005	3.621191561190e-001
1.073487015365e-005	3.621114564446e-001
1.073487079365e-005	3.620961079762e-001
1.073487207365e-005	3.620656080497e-001
1.073487463365e-005	3.620053480012e-001
1.073487975365e-005	3.618874519107e-001
1.073488999365e-005	3.616600944875e-001
1.073491047365e-005	3.612288011941e-001
1.073495143365e-005	3.604225387691e-001
1.073503335365e-005	3.589533929208e-001
1.073519719365e-005	3.564995257239e-001
1.073552487365e-005	3.532704461792e-001
1.073618023365e-005	3.506868118990e-001
1.073694194284e-005	3.504328877797e-001
1.073809899885e-005	3.506375935396e-001
1.073977012304e-005	3.508009013264e-001
1.074311237141e-005	3.516071059810e-001
1.074979686814e-005	3.530655949006e-001
1.076316586162e-005	3.562587699417e-001
1.078220211655e-005	3.632407370018e-001
1.083567809046e-005	3.812167071154e-001
1.087114226712e-005	4.931635836414e-001
1.095242034817e-005	1.060463649669e+001
1.098791327948e-005	9.574140925644e+000
1.102835217766e-005	1.026066952683e+001
1.107392934808e-005	9.814358116034e+000
1.110592934808e-005	1.014953402645e+001
1.110592944808e-005	1.014957754168e+001
1.110592964808e-005	1.014983515946e+001
1.110593004808e-005	1.015137282160e+001
1.110593034808e-005	1.015341898903e+001
1.110593042808e-005	1.015406624262e+001
1.110593058808e-005	1.015536015444e+001
1.110593090808e-005	1.015794492317e+001
1.110593154808e-005	1.016310201346e+001
1.110593282808e-005	1.017336499069e+001
1.110593538808e-005	1.019367981932e+001
1.110594050808e-005	1.023345294552e+001
1.110595074808e-005	1.030965959147e+001
1.110597122808e-005	1.044978595043e+001
1.110601218808e-005	1.068851691150e+001
1.110609410808e-005	1.104247839686e+001
1.110625794808e-005	1.145614428610e+001
1.110654225270e-005	1.174705997315e+001
1.110684399428e-005	1.181937044582e+001
1.110717919876e-005	1.180120618922e+001
1.110750832268e-005	1.174431811362e+001
1.110797250945e-005	1.164192187039e+001
1.110879792031e-005	1.144741273932e+001
1.111030617366e-005	1.109424402486e+001
1.111300151635e-005	1.012706879164e+001
1.111568699206e-005	9.094319075960e+000
1.112105255812e-005	7.192294921064e+000
1.112603594613e-005	5.567744557004e+000
1.113600272214e-005	2.839274228127e+000
1.115211155838e-005	5.959055346713e-001
1.116246885791e-005	5.317731593385e-001
1.116938679645e-005	5.116854578477e-001
1.117616027570e-005	4.976498140211e-001
1.118970723421e-005	4.778934875932e-001
1.121680115122e-005	4.536309593880e-001
1.126986078840e-005	4.252904315245e-001
1.128729609364e-005	3.947953746058e-001
1.137748273499e-005	3.631347051327e-001
1.138729709364e-005	3.621369611330e-001
1.138729719364e-005	3.621367515559e-001
1.138729739364e-005	3.621358414702e-001
1.138729779364e-005	3.621310806512e-001
1.138729809364e-005	3.621249415775e-001
1.138729817364e-005	3.621230124221e-001
1.138729833364e-005	3.621191561235e-001
1.138729865364e-005	3.621114564453e-001
1.138729929364e-005	3.620961079775e-001
1.138730057364e-005	3.620656080514e-001
1.138730313364e-005	3.620053480026e-001
1.138730825364e-005	3.618874519120e-001
1.138731849364e-005	3.616600944887e-001
1.138733897364e-005	3.612288011954e-001
1.138737993364e-005	3.604225387704e-001
1.138746185364e-005	3.589533929221e-001
1.138762569364e-005	3.564995257251e-001
1.138795337364e-005	3.532704461804e-001
1.138860873364e-005	3.506868119001e-001
1.138937044283e-005	3.504328877808e-001
1.139052749883e-005	3.506375935407e-001
1.139219862302e-005	3.508009013274e-001
1.139554087139e-005	3.516071059821e-001
1.140222536813e-005	3.530655949017e-001
1.141559436161e-005	3.562587699428e-001
1.142663061653e-005	3.632407370030e-001
1.148010659044e-005	3.812167071167e-001
1.150757076710e-005	4.931635836471e-001
1.158884884815e-005	1.060463649671e+001
1.161634177945e-005	9.574140925631e+000
1.165678067763e-005	1.026066952684e+001
1.170235784805e-005	9.814358116031e+000
1.172635784805e-005	1.014953402720e+001
1.172635794805e-005	1.014957754243e+001
1.172635814805e-005	1.014983516021e+001
1.172635854805e-005	1.015137282234e+001
1.172635884805e-005	1.015341898976e+001
1.172635892805e-005	1.015406624334e+001
1.172635908805e-005	1.015536015515e+001
1.172635940805e-005	1.015794492388e+001
1.172636004805e-005	1.016310201414e+001
1.172636132805e-005	1.017336499132e+001
1.172636388805e-005	1.019367981984e+001
1.172636900805e-005	1.023345294585e+001
1.172637924805e-005	1.030965959145e+001
1.172639972805e-005	1.044978594979e+001
1.172644068805e-005	1.068851690990e+001
1.172652260805e-005	1.104247839408e+001
1.172668644805e-005	1.145614428247e+001
1.172697075267e-005	1.174705996987e+001
1.172727249425e-005	1.181937044279e+001
1.172760769873e-005	1.180120618654e+001
1.172793682265e-005	1.174431811148e+001
1.172840100941e-005	1.164192186855e+001
1.172922642027e-005	1.144741273754e+001
1.173073467362e-005	1.109424402284e+001
1.173343001632e-005	1.012706878641e+001
1.173611549204e-005	9.094319068350e+000
1.174148105807e-005	7.192294922609e+000
1.174646444610e-005	5.567744552359e+000
1.175643122215e-005	2.839274215243e+000
1.177254005835e-005	5.959055345204e-001
1.178289735786e-005	5.317731593633e-001
1.178981529637e-005	5.116854579448e-001
1.179658877563e-005	4.976498140904e-001
1.181013573414e-005	4.778934876299e-001
1.183722965117e-005	4.536309593979e-001
1.188228928837e-005	4.252904315156e-001
1.189172459368e-005	3.947953745863e-001
1.197391123526e-005	3.631347051085e-001
1.198372559368e-005	3.621369611218e-001
1.198372569368e-005	3.621367515470e-001
1.198372589368e-005	3.621358414596e-001
1.198372629368e-005	3.621310806413e-001
1.198372659368e-005	3.621249415666e-001
1.198372667368e-005	3.621230124072e-001
1.198372683368e-005	3.621191561087e-001
1.198372715368e-005	3.621114564349e-001
1.198372779368e-005	3.620961079654e-001
1.198372907368e-005	3.620656080405e-001
1.198373163368e-005	3.620053479918e-001
1.198373675368e-005	3.618874519015e-001
1.198374699368e-005	3.616600944786e-001
1.198376747368e-005	3.612288011864e-001
1.198380843368e-005	3.604225387633e-001
1.198389035368e-005	3.589533929182e-001
1.198405419368e-005	3.564995257260e-001
1.198438187368e-005	3.532704461851e-001
1.198503723368e-005	3.506868119035e-001
1.198579894287e-005	3.504328877823e-001
1.198695599888e-005	3.506375935419e-001
1.198862712306e-005	3.508009013275e-001
1.199196937143e-005	3.516071059817e-001
1.199865386816e-005	3.530655948999e-001
1.201202286163e-005	3.562587699379e-001
1.201505911651e-005	3.632407369906e-001
1.206853509037e-005	3.812167070800e-001
1.208799926683e-005	4.931635828985e-001
1.216927734797e-005	1.060463648722e+001
1.218877027917e-005	9.574140931927e+000
1.222920917736e-005	1.026066952352e+001
1.227478634780e-005	9.814358118020e+000
1.229078634780e-005	1.014953402512e+001
1.229078644780e-005	1.014957754034e+001
1.229078664780e-005	1.014983515813e+001
1.229078704780e-005	1.015137282027e+001
1.229078734780e-005	1.015341898770e+001
1.229078742780e-005	1.015406624128e+001
1.229078758780e-005	1.015536015310e+001
1.229078790780e-005	1.015794492184e+001
1.229078854780e-005	1.016310201213e+001
1.229078982780e-005	1.017336498936e+001
1.229079238780e-005	1.019367981799e+001
1.229079750780e-005	1.023345294419e+001
1.229080774780e-005	1.030965959016e+001
1.229082822780e-005	1.044978594914e+001
1.229086918780e-005	1.068851691025e+001
1.229095110780e-005	1.104247839566e+001
1.229111494780e-005	1.145614428500e+001
1.229139925242e-005	1.174705997211e+001
1.229170099400e-005	1.181937044492e+001
1.229203619848e-005	1.180120618846e+001
1.229236532240e-005	1.174431811301e+001
1.229282950916e-005	1.164192186990e+001
1.229365492002e-005	1.144741273888e+001
1.229516317337e-005	1.109424402452e+001
1.229785851607e-005	1.012706879073e+001
1.230054399178e-005	9.094319074617e+000
1.230590955784e-005	7.192294921850e+000
1.231089294584e-005	5.567744556586e+000
1.232085972186e-005	2.839274226061e+000
1.233696855810e-005	5.959055346442e-001
1.234732585762e-005	5.317731593405e-001
1.235424379616e-005	5.116854578618e-001
1.236101727541e-005	4.976498140309e-001
1.237456423392e-005	4.778934875979e-001
1.240165815094e-005	4.536309593884e-001
1.243871778812e-005	4.252904315220e-001
1.244015309337e-005	3.947953746016e-001
1.251433973477e-005	3.631347051278e-001
1.252415409337e-005	3.621369611227e-001
1.252415419337e-005	3.621367515467e-001
1.252415439337e-005	3.621358414609e-001
1.252415479337e-005	3.621310806422e-001
1.252415509337e-005	3.621249415694e-001
1.252415517337e-005	3.621230124083e-001
1.252415533337e-005	3.621191561114e-001
1.252415565337e-005	3.621114564359e-001
1.252415629337e-005	3.620961079667e-001
1.252415757337e-005	3.620656080413e-001
1.252416013337e-005	3.620053479927e-001
1.252416525337e-005	3.618874519024e-001
1.252417549337e-005	3.616600944796e-001
1.252419597337e-005	3.612288011874e-001
1.252423693337e-005	3.604225387643e-001
1.252431885337e-005	3.589533929191e-001
1.252448269337e-005	3.564995257270e-001
1.252481037337e-005	3.532704461860e-001
1.252546573337e-005	3.506868119044e-001
1.252622744256e-005	3.504328877831e-001
1.252738449857e-005	3.506375935427e-001
1.252905562275e-005	3.508009013283e-001
1.253239787112e-005	3.516071059825e-001
1.253908236785e-005	3.530655949007e-001
1.255245136132e-005	3.562587699388e-001
1.257918934825e-005	3.632407369915e-001
1.262770157699e-005	3.812167070811e-001
1.263916575345e-005	4.931635829043e-001
1.272044383459e-005	1.060463648727e+001
1.273193676578e-005	9.574140931895e+000
1.277237566397e-005	1.026066952353e+001
1.281795283441e-005	9.814358118011e+000
1.282595283441e-005	1.014953402513e+001
1.282595293441e-005	1.014957754035e+001
1.282595313441e-005	1.014983515813e+001
1.282595353441e-005	1.015137282026e+001
1.282595383441e-005	1.015341898771e+001
1.282595391441e-005	1.015406624129e+001
1.282595407441e-005	1.015536015311e+001
1.282595439441e-005	1.015794492185e+001
1.282595503441e-005	1.016310201214e+001
1.282595631441e-005	1.017336498937e+001
1.282595887441e-005	1.019367981800e+001
1.282596399441e-005	1.023345294420e+001
1.282597423441e-005	1.030965959016e+001
1.282599471441e-005	1.044978594915e+001
1.282603567441e-005	1.068851691026e+001
1.282611759441e-005	1.104247839567e+001
1.282628143441e-005	1.145614428501e+001
1.282656573903e-005	1.174705997212e+001
1.282686748061e-005	1.181937044492e+001
1.282720268509e-005	1.180120618846e+001
1.282753180901e-005	1.174431811302e+001
1.282799599577e-005	1.164192186990e+001
1.282882140663e-005	1.144741273889e+001
1.283032965998e-005	1.109424402452e+001
1.283302500268e-005	1.012706879074e+001
1.283571047839e-005	9.094319074628e+000
1.284107604445e-005	7.192294921843e+000
1.284605943245e-005	5.567744556589e+000
1.285602620847e-005	2.839274226076e+000
1.287213504471e-005	5.959055346444e-001
1.288249234423e-005	5.317731593405e-001
1.288941028277e-005	5.116854578616e-001
1.289618376202e-005	4.976498140308e-001
1.290973072053e-005	4.778934875978e-001
1.293682463755e-005	4.536309593884e-001
1.296588427473e-005	4.252904315220e-001
1.307425994280e-005	3.947953746017e-001
1.328444658420e-005	3.631347051279e-001
1.329426094280e-005	3.621369611227e-001
1.329426104280e-005	3.621367515495e-001
1.329426124280e-005	3.621358414611e-001
1.329426164280e-005	3.621310806430e-001
1.329426194280e-005	3.621249415702e-001
1.329426202280e-005	3.621230124132e-001
1.329426218280e-005	3.621191561075e-001
1.329426250280e-005	3.621114564348e-001
1.329426314280e-005	3.620961079663e-001
1.329426442280e-005	3.620656080414e-001
1.329426698280e-005	3.620053479927e-001
1.329427210280e-005	3.618874519022e-001
1.329428234280e-005	3.616600944795e-001
1.329430282280e-005	3.612288011873e-001
1.329434378280e-005	3.604225387642e-001
1.329442570280e-005	3.589533929191e-001
1.329458954280e-005	3.564995257269e-001
1.329491722280e-005	3.532704461860e-001
1.329557258280e-005	3.506868119044e-001
1.329633429199e-005	3.504328877831e-001
1.329749134800e-005	3.506375935427e-001
1.329916247218e-005	3.508009013283e-001
1.330250472055e-005	3.516071059825e-001
1.330918921728e-005	3.530655949007e-001
1.332255821075e-005	3.562587699388e-001
1.334929619768e-005	3.632407369916e-001
1.340277217154e-005	3.812167070813e-001
1.340623634801e-005	4.931635829089e-001
1.348751442914e-005	1.060463648731e+001
1.349100736034e-005	9.574140931870e+000
1.353144625852e-005	1.026066952355e+001
1.357702342896e-005	9.814358118003e+000
1.363151442914e-005	1.014953402513e+001
1.363151452914e-005	1.014957754036e+001
1.363151472914e-005	1.014983515814e+001
1.363151512914e-005	1.015137282029e+001
1.363151542914e-005	1.015341898772e+001
1.363151550914e-005	1.015406624130e+001
1.363151566914e-005	1.015536015312e+001
1.363151598914e-005	1.015794492186e+001
1.363151662914e-005	1.016310201214e+001
1.363151790914e-005	1.017336498937e+001
1.363152046914e-005	1.019367981800e+001
1.363152558914e-005	1.023345294421e+001
1.363153582914e-005	1.030965959017e+001
1.363155630914e-005	1.044978594916e+001
1.363159726914e-005	1.068851691027e+001
1.363167918914e-005	1.104247839568e+001
1.363184302914e-005	1.145614428502e+001
1.363212733376e-005	1.174705997212e+001
1.363242907534e-005	1.181937044493e+001
1.363276427982e-005	1.180120618846e+001
1.363309340374e-005	1.174431811302e+001
1.363355759050e-005	1.164192186990e+001
1.363438300136e-005	1.144741273889e+001
1.363589125471e-005	1.109424402452e+001
1.363858659741e-005	1.012706879074e+001
1.364127207312e-005	9.094319074632e+000
1.364663763918e-005	7.192294921840e+000
1.365162102718e-005	5.567744556590e+000
1.366158780320e-005	2.839274226083e+000
1.367769663944e-005	5.959055346447e-001
1.368805393896e-005	5.317731593405e-001
1.369497187750e-005	5.116854578615e-001
1.370174535675e-005	4.976498140308e-001
1.371529231526e-005	4.778934875978e-001
1.374238623228e-005	4.536309593885e-001
1.376344586946e-005	4.252904315221e-001
1.387182153753e-005	3.947953746017e-001
1.407400817893e-005	3.631347051280e-001
1.408382253753e-005	3.621369611227e-001
1.408382263753e-005	3.621367515454e-001
1.408382283753e-005	3.621358414588e-001
1.408382323753e-005	3.621310806430e-001
1.408382353753e-005	3.621249415696e-001
1.408382361753e-005	3.621230124064e-001
1.408382377753e-005	3.621191561114e-001
1.408382409753e-005	3.621114564355e-001
1.408382473753e-005	3.620961079665e-001
1.408382601753e-005	3.620656080416e-001
1.408382857753e-005	3.620053479926e-001
1.408383369753e-005	3.618874519023e-001
1.408384393753e-005	3.616600944796e-001
1.408386441753e-005	3.612288011874e-001
1.408390537753e-005	3.604225387642e-001
1.408398729753e-005	3.589533929191e-001
1.408415113753e-005	3.564995257269e-001
1.408447881753e-005	3.532704461860e-001
1.408513417753e-005	3.506868119044e-001
1.408589588672e-005	3.504328877831e-001
1.408705294273e-005	3.506375935427e-001
1.408872406691e-005	3.508009013283e-001
1.409206631528e-005	3.516071059825e-001
1.409875081201e-005	3.530655949007e-001
1.411211980548e-005	3.562587699388e-001
1.413885779241e-005	3.632407369915e-001
1.419233376627e-005	3.812167070812e-001
1.429928571400e-005	4.931635829076e-001
1.437602797160e-005	1.060463648733e+001
1.443877864519e-005	9.574140931859e+000
1.447471047458e-005	1.026066952355e+001
1.452028764502e-005	9.814358118000e+000
1.457477864519e-005	1.014953402661e+001
1.457477874519e-005	1.014957754184e+001
1.457477894519e-005	1.014983515961e+001
1.457477934519e-005	1.015137282174e+001
1.457477964519e-005	1.015341898915e+001
1.457477972519e-005	1.015406624273e+001
1.457477988519e-005	1.015536015453e+001
1.457478020519e-005	1.015794492325e+001
1.457478084519e-005	1.016310201348e+001
1.457478212519e-005	1.017336499061e+001
1.457478468519e-005	1.019367981904e+001
1.457478980519e-005	1.023345294487e+001
1.457480004519e-005	1.030965959012e+001
1.457482052519e-005	1.044978594786e+001
1.457486148519e-005	1.068851690704e+001
1.457494340519e-005	1.104247839011e+001
1.457510724519e-005	1.145614427773e+001
1.457539154982e-005	1.174705996556e+001
1.457569329139e-005	1.181937043887e+001
1.457602849588e-005	1.180120618309e+001
1.457635761979e-005	1.174431810873e+001
1.457682180655e-005	1.164192186622e+001
1.457764721742e-005	1.144741273533e+001
1.457915547076e-005	1.109424402048e+001
1.458185081348e-005	1.012706878027e+001
1.458360845748e-005	9.094319059404e+000
1.458897402349e-005	7.192294924939e+000
1.459395741153e-005	5.567744547300e+000
1.460392418763e-005	2.839274200301e+000
1.462003302378e-005	5.959055343418e-001
1.463039032327e-005	5.317731593901e-001
1.463730826175e-005	5.116854580561e-001
1.464408174101e-005	4.976498141696e-001
1.465762869953e-005	4.778934876713e-001
1.468472261659e-005	4.536309594083e-001
1.469778225380e-005	4.252904315040e-001
1.480615792201e-005	3.947953745624e-001
1.500034456384e-005	3.631347050791e-001
1.501015892201e-005	3.621369611204e-001
1.501015902201e-005	3.621367515444e-001
1.501015922201e-005	3.621358414568e-001
1.501015962201e-005	3.621310806409e-001
1.501015992201e-005	3.621249415642e-001
1.501016000201e-005	3.621230124098e-001
1.501016016201e-005	3.621191561089e-001
1.501016048201e-005	3.621114564346e-001
1.501016112201e-005	3.620961079644e-001
1.501016240201e-005	3.620656080388e-001
1.501016496201e-005	3.620053479901e-001
1.501017008201e-005	3.618874518999e-001
1.501018032201e-005	3.616600944771e-001
1.501020080201e-005	3.612288011849e-001
1.501024176201e-005	3.604225387618e-001
1.501032368201e-005	3.589533929167e-001
1.501048752201e-005	3.564995257246e-001
1.501081520201e-005	3.532704461837e-001
1.501147056201e-005	3.506868119022e-001
1.501223227120e-005	3.504328877809e-001
1.501338932720e-005	3.506375935405e-001
1.501506045139e-005	3.508009013261e-001
1.501840269975e-005	3.516071059803e-001
1.502508719649e-005	3.530655948984e-001
1.503845618995e-005	3.562587699365e-001
1.506519417688e-005	3.632407369890e-001
1.511867015075e-005	3.812167070780e-001
1.522562209847e-005	4.931635828851e-001
1.529436435608e-005	1.060463648712e+001
1.535711502968e-005	9.574140931991e+000
1.538504685908e-005	1.026066952348e+001
1.543062402952e-005	9.814358118040e+000
1.548511502968e-005	1.014953402509e+001
1.548511512968e-005	1.014957754032e+001
1.548511532968e-005	1.014983515810e+001
1.548511572968e-005	1.015137282023e+001
1.548511602968e-005	1.015341898768e+001
1.548511610968e-005	1.015406624126e+001
1.548511626968e-005	1.015536015308e+001
1.548511658968e-005	1.015794492182e+001
1.548511722968e-005	1.016310201210e+001
1.548511850968e-005	1.017336498933e+001
1.548512106968e-005	1.019367981797e+001
1.548512618968e-005	1.023345294417e+001
1.548513642968e-005	1.030965959013e+001
1.548515690968e-005	1.044978594912e+001
1.548519786968e-005	1.068851691023e+001
1.548527978968e-005	1.104247839564e+001
1.548544362968e-005	1.145614428499e+001
1.548572793431e-005	1.174705997209e+001
1.548602967589e-005	1.181937044490e+001
1.548636488037e-005	1.180120618844e+001
1.548669400429e-005	1.174431811301e+001
1.548715819105e-005	1.164192186989e+001
1.548798360191e-005	1.144741273888e+001
1.548949185526e-005	1.109424402451e+001
1.549218719796e-005	1.012706879072e+001
1.549487267367e-005	9.094319074598e+000
1.550023823972e-005	7.192294921860e+000
1.550434483777e-005	5.567744556579e+000
1.551431161378e-005	2.839274226030e+000
1.553042045002e-005	5.959055346439e-001
1.554077774955e-005	5.317731593405e-001
1.554769568808e-005	5.116854578619e-001
1.555446916734e-005	4.976498140310e-001
1.556801612585e-005	4.778934875979e-001
1.559511004286e-005	4.536309593884e-001
1.560016968004e-005	4.252904315220e-001
1.570854534812e-005	3.947953746016e-001
1.589473198952e-005	3.631347051278e-001
1.590454634812e-005	3.621369611227e-001
1.590454644812e-005	3.621367515439e-001
1.590454664812e-005	3.621358414607e-001
1.590454704812e-005	3.621310806421e-001
1.590454734812e-005	3.621249415684e-001
1.590454742812e-005	3.621230124101e-001
1.590454758812e-005	3.621191561083e-001
1.590454790812e-005	3.621114564355e-001
1.590454854812e-005	3.620961079670e-001
1.590454982812e-005	3.620656080414e-001
1.590455238812e-005	3.620053479927e-001
1.590455750812e-005	3.618874519022e-001
1.590456774812e-005	3.616600944795e-001
1.590458822812e-005	3.612288011873e-001
1.590462918812e-005	3.604225387642e-001
1.590471110812e-005	3.589533929191e-001
1.590487494812e-005	3.564995257269e-001
1.590520262812e-005	3.532704461860e-001
1.590585798812e-005	3.506868119043e-001
1.590661969731e-005	3.504328877831e-001
1.590777675331e-005	3.506375935427e-001
1.590944787750e-005	3.508009013283e-001
1.591279012586e-005	3.516071059825e-001
1.591947462260e-005	3.530655949007e-001
1.593284361606e-005	3.562587699388e-001
1.595958160299e-005	3.632407369916e-001
1.601305757686e-005	3.812167070814e-001
1.612000952458e-005	4.931635829102e-001
1.618075178218e-005	1.060463648738e+001
1.624350245578e-005	9.574140931827e+000
1.626343428516e-005	1.026066952357e+001
1.630901145560e-005	9.814358117989e+000
1.636350245578e-005	1.014953402514e+001
1.636350255578e-005	1.014957754037e+001
1.636350275578e-005	1.014983515815e+001
1.636350315578e-005	1.015137282030e+001
1.636350345578e-005	1.015341898772e+001
1.636350353578e-005	1.015406624131e+001
1.636350369578e-005	1.015536015313e+001
1.636350401578e-005	1.015794492186e+001
1.636350465578e-005	1.016310201215e+001
1.636350593578e-005	1.017336498938e+001
1.636350849578e-005	1.019367981801e+001
1.636351361578e-005	1.023345294422e+001
1.636352385578e-005	1.030965959018e+001
1.636354433578e-005	1.044978594917e+001
1.636358529578e-005	1.068851691027e+001
1.636366721578e-005	1.104247839569e+001
1.636383105578e-005	1.145614428502e+001
1.636411536040e-005	1.174705997213e+001
1.636441710198e-005	1.181937044493e+001
1.636475230646e-005	1.180120618847e+001
1.636508143038e-005	1.174431811303e+001
1.636554561714e-005	1.164192186991e+001
1.636637102800e-005	1.144741273889e+001
1.636787928135e-005	1.109424402453e+001
1.637057462405e-005	1.012706879075e+001
1.637326009976e-005	9.094319074643e+000
1.637862566582e-005	7.192294921834e+000
1.638360905382e-005	5.567744556594e+000
1.638968242789e-005	2.839274226100e+000
1.640579126412e-005	5.959055346449e-001
1.641614856365e-005	5.317731593404e-001
1.642306650218e-005	5.116854578614e-001
1.642983998144e-005	4.976498140307e-001
1.644338693995e-005	4.778934875978e-001
1.647048085697e-005	4.536309593885e-001
1.652466869100e-005	4.252904315221e-001
1.663010399625e-005	3.947953746018e-001
1.680829063765e-005	3.631347051280e-001
1.681810499625e-005	3.621369611227e-001
1.681810509625e-005	3.621367515443e-001
1.681810529625e-005	3.621358414599e-001
1.681810569625e-005	3.621310806437e-001