f(x)=-(1.3845547*10^(-9))*x^4+(1.4952356*10^(-6))*x^3-(4.9550906*10^(-4))*x^2+0.0473967*x+254.5643794

x                  f(x)               
0                  254.5643794        
1                  254.6112821        
2                  254.6572027        
3                  254.7021502        
4                  254.7461334        
5                  254.7891612        
6                  254.8312425        
7                  254.8723859        
8                  254.9126003        
9                  254.9518944        
10                 254.9902769        
11                 255.0277564        
12                 255.0643416        
13                 255.100041         
14                 255.1348632        
15                 255.1688167        
16                 255.20191          
17                 255.2341516        
18                 255.2655499        
19                 255.2961133        
20                 255.3258501        
21                 255.3547687        
22                 255.3828773        
23                 255.4101843        
24                 255.4366978        
25                 255.462426         
26                 255.487377         
27                 255.5115591        
28                 255.5349803        
29                 255.5576486        
30                 255.5795721        
31                 255.6007588        
32                 255.6212166        
33                 255.6409534        
34                 255.6599772        
35                 255.6782958        
36                 255.6959171        
37                 255.7128487        
38                 255.7290985        
39                 255.7446742        
40                 255.7595835        
41                 255.7738341        
42                 255.7874335        
43                 255.8003894        
44                 255.8127094        
45                 255.8244009        
46                 255.8354714        
47                 255.8459284        
48                 255.8557794        
49                 255.8650317        
50                 255.8736927        
51                 255.8817697        
52                 255.8892701        
53                 255.8962009        
54                 255.9025696        
55                 255.9083833        
56                 255.9136491        
57                 255.9183742        
58                 255.9225656        
59                 255.9262305        
60                 255.9293758        
61                 255.9320086        
62                 255.9341358        
63                 255.9357644        
64                 255.9369012        
65                 255.937553         
66                 255.9377268        
67                 255.9374293        
68                 255.9366673        
69                 255.9354475        
70                 255.9337767        
71                 255.9316613        
72                 255.9291082        
73                 255.9261239        
74                 255.9227149        
75                 255.9188878        
76                 255.9146491        
77                 255.9100052        
78                 255.9049626        
79                 255.8995276        
80                 255.8937067        
81                 255.8875061        
82                 255.8809322        
83                 255.8739912        
84                 255.8666894        
85                 255.8590329        
86                 255.8510279        
87                 255.8426805        
88                 255.8339969        
89                 255.8249831        
90                 255.8156451        
91                 255.805989         
92                 255.7960206        
93                 255.785746         
94                 255.7751709        
95                 255.7643014        
96                 255.7531432        
97                 255.7417021        
98                 255.7299839        
99                 255.7179942        
100                255.7057389        
101                255.6932236        
102                255.6804539        
103                255.6674353        
104                255.6541736        
105                255.6406741        
106                255.6269425        
107                255.6129841        
108                255.5988044        
109                255.5844088        
110                255.5698027        
111                255.5549914        
112                255.5399802        
113                255.5247743        
114                255.509379         
115                255.4937995        
116                255.478041         
117                255.4621086        
118                255.4460074        
119                255.4297424        
120                255.4133188        
121                255.3967414        
122                255.3800153        
123                255.3631454        
124                255.3461366        
125                255.3289938        
126                255.3117218        
127                255.2943254        
128                255.2768093        
129                255.2591784        
130                255.2414372        
131                255.2235906        
132                255.205643         
133                255.1875992        
134                255.1694636        
135                255.1512409        
136                255.1329354        
137                255.1145518        
138                255.0960944        
139                255.0775676        
140                255.0589758        
141                255.0403233        
142                255.0216145        
143                255.0028535        
144                254.9840447        
145                254.9651923        
146                254.9463003        
147                254.927373         
148                254.9084145        
149                254.8894288        
150                254.8704199        
151                254.8513919        
152                254.8323487        
153                254.8132943        
154                254.7942326        
155                254.7751674        
156                254.7561026        
157                254.7370419        
158                254.7179893        
159                254.6989483        
160                254.6799227        
161                254.6609162        
162                254.6419324        
163                254.6229749        
164                254.6040473        
165                254.5851532        
166                254.5662959        
167                254.5474791        
168                254.528706         
169                254.5099803        
170                254.4913051        
171                254.4726839        
172                254.45412          
173                254.4356166        
174                254.417177         
175                254.3988044        
176                254.3805019        
177                254.3622727        
178                254.3441199        
179                254.3260465        
180                254.3080557        
181                254.2901504        
182                254.2723336        
183                254.2546083        
184                254.2369772        
185                254.2194434        
186                254.2020097        
187                254.1846787        
188                254.1674535        
189                254.1503366        
190                254.1333308        
191                254.1164387        
192                254.0996631        
193                254.0830064        
194                254.0664714        
195                254.0500605        
196                254.0337762        
197                254.017621         
198                254.0015973        
199                253.9857076        
200                253.9699543        
201                253.9543396        
202                253.9388659        
203                253.9235355        
204                253.9083505        
205                253.8933133        
206                253.878426         
207                253.8636907        
208                253.8491095        
209                253.8346846        
210                253.8204179        
211                253.8063115        
212                253.7923673        
213                253.7785874        
214                253.7649735        
215                253.7515276        
216                253.7382515        
217                253.7251471        
218                253.712216         
219                253.6994601        
220                253.6868811        
221                253.6744806        
222                253.6622603        
223                253.6502218        
224                253.6383667        
225                253.6266965        
226                253.6152127        
227                253.6039168        
228                253.5928103        
229                253.5818946        
230                253.571171         
231                253.5606408        
232                253.5503055        
233                253.5401663        
234                253.5302244        
235                253.520481         
236                253.5109373        
237                253.5015945        
238                253.4924537        
239                253.4835159        
240                253.4747823        
241                253.4662537        
242                253.4579313        
243                253.4498159        
244                253.4419084        
245                253.4342098        
246                253.4267208        
247                253.4194424        
248                253.4123752        
249                253.40552          
250                253.3988776        
251                253.3924486        
252                253.3862337        
253                253.3802334        
254                253.3744484        
255                253.3688792        
256                253.3635263        
257                253.3583902        
258                253.3534714        
259                253.3487703        
260                253.3442872        
261                253.3400225        
262                253.3359765        
263                253.3321494        
264                253.3285417        
265                253.3251534        
266                253.3219847        
267                253.3190358        
268                253.3163068        
269                253.3137979        
270                253.3115089        
271                253.30944          
272                253.3075911        
273                253.3059622        
274                253.3045533        
275                253.3033641        
276                253.3023945        
277                253.3016444        
278                253.3011135        
279                253.3008016        
280                253.3007085        
281                253.3008336        
282                253.3011769        
283                253.3017378        
284                253.3025159        
285                253.3035108        
286                253.304722         
287                253.306149         
288                253.3077913        
289                253.3096482        
290                253.3117192        
291                253.3140035        
292                253.3165006        
293                253.3192097        
294                253.32213          
295                253.3252608        
296                253.3286012        
297                253.3321505        
298                253.3359077        
299                253.3398719        
300                253.3440421        
301                253.3484175        
302                253.3529969        
303                253.3577793        
304                253.3627637        
305                253.3679489        
306                253.3733338        
307                253.3789172        
308                253.3846979        
309                253.3906746        
310                253.3968461        
311                253.403211         
312                253.4097681        
313                253.4165158        
314                253.4234529        
315                253.4305778        
316                253.4378891        
317                253.4453853        
318                253.4530648        
319                253.4609261        
320                253.4689675        
321                253.4771874        
322                253.4855841        
323                253.4941559        
324                253.5029011        
325                253.5118178        
326                253.5209043        
327                253.5301587        
328                253.5395792        
329                253.5491638        
330                253.5589106        
331                253.5688176        
332                253.5788828        
333                253.5891041        
334                253.5994795        
335                253.6100069        
336                253.6206841        
337                253.631509         
338                253.6424793        
339                253.6535928        
340                253.6648472        
341                253.6762402        
342                253.6877695        
343                253.6994326        
344                253.7112273        
345                253.7231509        
346                253.7352012        
347                253.7473754        
348                253.7596712        
349                253.7720859        
350                253.7846169        
351                253.7972616        
352                253.8100173        
353                253.8228814        
354                253.8358509        
355                253.8489232        
356                253.8620955        
357                253.875365         
358                253.8887287        
359                253.9021837        
360                253.9157271        
361                253.929356         
362                253.9430672        
363                253.9568579        
364                253.9707249        
365                253.984665         
366                253.9986752        
367                254.0127523        
368                254.0268931        
369                254.0410943        
370                254.0553527        
371                254.069665         
372                254.0840277        
373                254.0984376        
374                254.1128912        
375                254.1273851        
376                254.1419159        
377                254.15648          
378                254.1710738        
379                254.1856938        
380                254.2003365        
381                254.2149981        
382                254.229675         
383                254.2443635        
384                254.2590598        
385                254.2737602        
386                254.2884608        
387                254.3031579        
388                254.3178475        
389                254.3325258        
390                254.3471888        
391                254.3618326        
392                254.3764531        
393                254.3910462        
394                254.405608         
395                254.4201344        
396                254.4346211        
397                254.449064         
398                254.4634589        
399                254.4778017        
400                254.4920879        
401                254.5063133        
402                254.5204736        
403                254.5345643        
404                254.5485812        
405                254.5625197        
406                254.5763754        
407                254.5901438        
408                254.6038203        
409                254.6174004        
410                254.6308795        
411                254.6442529        
412                254.6575159        
413                254.670664         
414                254.6836922        
415                254.6965959        
416                254.7093703        
417                254.7220105        
418                254.7345116        
419                254.7468688        
420                254.7590771        
421                254.7711316        
422                254.7830272        
423                254.7947589        
424                254.8063217        
425                254.8177104        
426                254.8289199        
427                254.839945         
428                254.8507806        
429                254.8614214        
430                254.8718621        
431                254.8820975        
432                254.8921222        
433                254.9019308        
434                254.9115179        
435                254.9208782        
436                254.930006         
437                254.938896         
438                254.9475427        
439                254.9559403        
440                254.9640834        
441                254.9719663        
442                254.9795833        
443                254.9869288        
444                254.993997         
445                255.0007821        
446                255.0072783        
447                255.0134799        
448                255.0193809        
449                255.0249755        
450                255.0302576        
451                255.0352214        
452                255.0398609        
453                255.04417          
454                255.0481426        
455                255.0517727        
456                255.0550541        
457                255.0579807        
458                255.0605462        
459                255.0627445        
460                255.0645692        
461                255.0660141        
462                255.0670728        
463                255.067739         
464                255.0680063        
465                255.0678682        
466                255.0673183        
467                255.0663501        
468                255.064957         
469                255.0631326        
470                255.0608701        
471                255.058163         
472                255.0550046        
473                255.0513882        
474                255.0473071        
475                255.0427545        
476                255.0377236        
477                255.0322076        
478                255.0261997        
479                255.0196929        
480                255.0126802        
481                255.0051548        
482                254.9971097        
483                254.9885378        
484                254.979432         
485                254.9697853        
486                254.9595905        
487                254.9488405        
488                254.9375281        
489                254.925646         
490                254.913187         
491                254.9001438        
492                254.8865091        
493                254.8722754        
494                254.8574355        
495                254.8419819        
496                254.8259071        
497                254.8092036        
498                254.7918639        
499                254.7738804        
500                254.7552457        
501                254.7359519        
502                254.7159915        
503                254.6953567        
504                254.6740399        
505                254.6520333        
506                254.6293291        
507                254.6059194        
508                254.5817965        
509                254.5569523        
510                254.5313791        
511                254.5050687        
512                254.4780133        
513                254.4502049        
514                254.4216352        
515                254.3922963        
516                254.3621801        
517                254.3312784        
518                254.2995829        
519                254.2670855        
520                254.2337778        
521                254.1996517        
522                254.1646988        
523                254.1289107        
524                254.0922791        
525                254.0547955        
526                254.0164514        
527                253.9772384        
528                253.9371479        
529                253.8961714        
530                253.8543003        
531                253.811526         
532                253.7678398        
533                253.723233         
534                253.677697         
535                253.6312228        
536                253.5838018        
537                253.5354252        
538                253.486084         
539                253.4357694        
540                253.3844725        
541                253.3321843        
542                253.2788958        
543                253.224598         
544                253.1692819        
545                253.1129383        
546                253.0555581        
547                252.9971322        
548                252.9376514        
549                252.8771065        
550                252.8154882        
551                252.7527872        
552                252.6889942        
553                252.6240998        
554                252.5580947        
555                252.4909695        
556                252.4227146        
557                252.3533206        
558                252.282778         
559                252.2110773        
560                252.1382087        
561                252.0641628        
562                251.9889298        
563                251.9125001        
564                251.834864         
565                251.7560117        
566                251.6759333        
567                251.5946192        
568                251.5120594        
569                251.4282441        
570                251.3431633        
571                251.2568071        
572                251.1691655        
573                251.0802284        
574                250.9899859        
575                250.8984278        
576                250.8055441        
577                250.7113245        
578                250.6157589        
579                250.5188371        
580                250.4205488        
581                250.3208837        
582                250.2198315        
583                250.1173819        
584                250.0135244        
585                249.9082487        
586                249.8015443        
587                249.6934008        
588                249.5838075        
589                249.472754         
590                249.3602297        
591                249.2462239        
592                249.130726         
593                249.0137253        
594                248.8952111        
595                248.7751727        
596                248.6535993        
597                248.53048          
598                248.405804         
599                248.2795604        
600                248.1517383        
601                248.0223267        
602                247.8913148        
603                247.7586914        
604                247.6244454        
605                247.488566         
606                247.3510418        
607                247.2118617        
608                247.0710147        
609                246.9284894        
610                246.7842746        
611                246.638359         
612                246.4907314        
613                246.3413803        
614                246.1902944        
615                246.0374622        
616                245.8828724        
617                245.7265134        
618                245.5683738        
619                245.4084419        
620                245.2467062        
621                245.0831551        
622                244.917777         
623                244.7505601        
624                244.5814927        
625                244.4105631        
626                244.2377596        
627                244.0630702        
628                243.8864832        
629                243.7079866        
630                243.5275686        
631                243.3452173        
632                243.1609205        
633                242.9746664        
634                242.7864429        
635                242.5962378        
636                242.4040392        
637                242.2098347        
638                242.0136124        
639                241.8153598        
640                241.6150649        
641                241.4127153        
642                241.2082987        
643                241.0018027        
644                240.7932151        
645                240.5825233        
646                240.369715         
